0 0.8578125 0.5515625 0.0234375 0.04296875
0 0.2 0.540625 0.03515625 0.0734375
0 0.56015625 0.5328125 0.02109375 0.07109375
0 0.8921875 0.58671875 0.02890625 0.06796875
0 0.665625 0.53671875 0.02109375 0.06484375
0 0.18984375 0.540625 0.01484375 0.0734375
0 0.440625 0.540625 0.02265625 0.06484375
0 0.96171875 0.56796875 0.02265625 0.05546875
0 0.2375 0.54375 0.02890625 0.0796875
0 0.4046875 0.5390625 0.02109375 0.0734375
0 0.3546875 0.54375 0.02578125 0.06796875
0 0.27734375 0.5375 0.02109375 0.07890625
0 0.69921875 0.52890625 0.02734375 0.08046875
0 0.915625 0.54375 0.01640625 0.05703125
0 0.6265625 0.53203125 0.025 0.0765625
0 0.53125 0.534375 0.02421875 0.075
0 0.80546875 0.54140625 0.03984375 0.06875