0 0.55625 0.53125 0.0265625 0.07421875
0 0.4375 0.5421875 0.01796875 0.06171875
0 0.484375 0.540625 0.02421875 0.0734375
0 0.8171875 0.54453125 0.05234375 0.07421875
0 0.28046875 0.52421875 0.02578125 0.0609375
0 0.18984375 0.58671875 0.04375 0.10078125
0 0.35625 0.546875 0.02890625 0.06328125
0 0.40234375 0.5390625 0.02421875 0.075
0 0.6984375 0.53359375 0.0296875 0.07109375
0 0.25390625 0.5390625 0.02578125 0.07890625
0 0.8953125 0.5484375 0.0546875 0.04921875
0 0.6265625 0.534375 0.02265625 0.07109375
0 0.5265625 0.53671875 0.03203125 0.07109375
0 0.665625 0.53671875 0.02109375 0.065625