0 0.1953125 0.503125 0.2015625 0.509375 0.203125 0.5171875 0.2 0.521875 0.1984375 0.5453125 0.1953125 0.546875 0.190625 0.5671875 0.184375 0.575 0.1796875 0.571875 0.18125 0.525 0.184375 0.5140625 0.1890625 0.50625 0.19375 0.503125
0 0.665625 0.5078125 0.66875 0.515625 0.6671875 0.525 0.66875 0.546875 0.671875 0.5515625 0.6765625 0.546875 0.675 0.540625 0.6765625 0.5328125 0.68125 0.528125 0.684375 0.51875 0.6859375 0.5171875 0.6953125 0.51875 0.6921875 0.5640625 0.6875 0.56875 0.66875 0.565625 0.6578125 0.5703125 0.6515625 0.5703125 0.646875 0.565625 0.646875 0.546875 0.65 0.5390625 0.6515625 0.525 0.65625 0.515625 0.6640625 0.5078125
0 0.35625 0.4984375 0.3625 0.5046875 0.365625 0.5125 0.3671875 0.5484375 0.365625 0.5546875 0.3578125 0.559375 0.35625 0.565625 0.3484375 0.5734375 0.3421875 0.571875 0.3421875 0.559375 0.35 0.5359375 0.346875 0.528125 0.35 0.521875 0.346875 0.51875 0.3484375 0.5171875 0.3484375 0.5 0.3546875 0.4984375
0 0.40625 0.5375 0.0265625 0.07109375
0 0.10625 0.503125 0.1125 0.5078125 0.115625 0.50625 0.121875 0.5125 0.125 0.5609375 0.1203125 0.571875 0.115625 0.5703125 0.1109375 0.5609375 0.1046875 0.5625 0.0984375 0.571875 0.096875 0.58125 0.09375 0.58125 0.090625 0.575 0.090625 0.5390625 0.0921875 0.5375 0.090625 0.5046875 0.0953125 0.5015625 0.1046875 0.503125
0 0.1734375 0.521875 0.01640625 0.06640625
0 0.8453125 0.51875 0.8515625 0.51875 0.8515625 0.521875 0.8546875 0.5234375 0.8640625 0.553125 0.8640625 0.5625 0.8578125 0.5734375 0.8484375 0.575 0.8421875 0.56875 0.8421875 0.5609375 0.8453125 0.553125 0.84375 0.546875 0.8453125 0.5203125
0 0.2875 0.4984375 0.2890625 0.503125 0.2859375 0.534375 0.2875 0.5609375 0.2859375 0.565625 0.28125 0.565625 0.2765625 0.5734375 0.2734375 0.5734375 0.2703125 0.5671875 0.2734375 0.5015625 0.2765625 0.496875 0.2859375 0.4984375
0 0.240625 0.5 0.2453125 0.5125 0.24375 0.5421875 0.2375 0.55625 0.2359375 0.5671875 0.2265625 0.5765625 0.2234375 0.5734375 0.225 0.5171875 0.23125 0.503125 0.234375 0.5 0.2390625 0.5
0 0.553125 0.49375 0.55625 0.49375 0.5609375 0.4984375 0.565625 0.509375 0.56875 0.53125 0.56875 0.5578125 0.5640625 0.565625 0.5546875 0.565625 0.55 0.5578125 0.5453125 0.5609375 0.540625 0.5609375 0.5359375 0.5578125 0.5375 0.5421875 0.546875 0.5265625 0.5484375 0.51875 0.553125 0.5140625 0.553125 0.5046875 0.55 0.5015625 0.553125 0.4953125
0 0.146875 0.49375 0.1515625 0.4984375 0.1515625 0.5171875 0.15625 0.5265625 0.153125 0.53125 0.1515625 0.553125 0.1453125 0.5546875 0.1390625 0.5515625 0.1359375 0.55625 0.134375 0.565625 0.1328125 0.565625 0.1328125 0.5390625 0.1359375 0.5234375 0.1359375 0.4984375 0.140625 0.49375 0.1453125 0.49375
0 0.48125 0.5 0.4828125 0.5015625 0.490625 0.5 0.4953125 0.5078125 0.49375 0.5328125 0.4875 0.55 0.4859375 0.5703125 0.48125 0.5734375 0.4765625 0.5734375 0.471875 0.5640625 0.475 0.5046875 0.4796875 0.5
0 0.4421875 0.5078125 0.446875 0.509375 0.4515625 0.515625 0.4484375 0.546875 0.44375 0.559375 0.44375 0.565625 0.4390625 0.571875 0.4359375 0.5703125 0.4328125 0.5578125 0.43125 0.525 0.434375 0.5203125 0.4359375 0.5109375 0.440625 0.5078125