0 0.67109375 0.53828125 0.05078125 0.06484375
0 0.23515625 0.5328125 0.02421875 0.065625
0 0.35703125 0.534375 0.03203125 0.07890625
0 0.40546875 0.53671875 0.02578125 0.071875
0 0.09765625 0.55859375 0.0296875 0.0890625
0 0.1546875 0.5265625 0.0109375 0.06796875
0 0.84453125 0.54375 0.03984375 0.06171875
0 0.203125 0.57109375 0.07734375 0.090625
0 0.290625 0.534375 0.04140625 0.0796875
0 0.484375 0.5359375 0.025 0.07890625
0 0.5546875 0.5296875 0.0359375 0.07421875
0 0.44140625 0.5390625 0.02109375 0.06484375
0 0.28125 0.534375 0.02265625 0.07890625