0 0.44140625 0.53828125 0.02109375 0.065625
0 0.8359375 0.54375 0.05859375 0.06328125
0 0.759375 0.57890625 0.08046875 0.08359375
0 0.55234375 0.52890625 0.03515625 0.07578125
0 0.484375 0.53671875 0.025 0.075
0 0.3546875 0.53515625 0.02734375 0.078125
0 0.21015625 0.5734375 0.075 0.08046875
0 0.403125 0.53671875 0.02109375 0.07109375
0 0.28046875 0.534375 0.02109375 0.078125
0 0.290625 0.53359375 0.04140625 0.07890625
0 0.2359375 0.52421875 0.02265625 0.053125
0 0.63125 0.553125 0.03515625 0.08046875