0 0.56015625 0.5328125 0.02109375 0.07109375
0 0.44140625 0.54140625 0.01953125 0.06484375
0 0.83203125 0.54921875 0.05390625 0.0609375
0 0.35625 0.54140625 0.02890625 0.075
0 0.209375 0.58828125 0.05625 0.12109375
0 0.4046875 0.540625 0.01953125 0.071875
0 0.6984375 0.53359375 0.02890625 0.071875
0 0.2875 0.540625 0.0265625 0.071875
0 0.628125 0.53125 0.02265625 0.078125
0 0.53046875 0.534375 0.02578125 0.075
0 0.66484375 0.53828125 0.02109375 0.06328125
0 0.90703125 0.54609375 0.03359375 0.0546875