0 0.5296875 0.53203125 0.02109375 0.05
0 0.66953125 0.53671875 0.05390625 0.06484375
0 0.28046875 0.52890625 0.02265625 0.0890625
0 0.078125 0.5375 0.02578125 0.0765625
0 0.35859375 0.5359375 0.03125 0.0765625
0 0.40390625 0.53671875 0.02109375 0.0703125
0 0.02578125 0.54453125 0.02734375 0.10703125
0 0.84453125 0.57421875 0.07734375 0.07890625
0 0.2328125 0.5375 0.02578125 0.0765625
0 0.2890625 0.52890625 0.03828125 0.0890625
0 0.1875 0.5359375 0.02890625 0.07890625
0 0.11328125 0.54140625 0.04140625 0.0734375
0 0.440625 0.5390625 0.01953125 0.06484375
0 0.57578125 0.5421875 0.01328125 0.046875
0 0.5578125 0.5296875 0.0234375 0.05703125