0 0.440625 0.53828125 0.021875 0.06484375
0 0.35703125 0.53515625 0.02890625 0.07578125
0 0.40390625 0.5359375 0.02265625 0.071875
0 0.80625 0.55625 0.06171875 0.06875
0 0.53984375 0.5234375 0.01953125 0.053125
0 0.84296875 0.54140625 0.04453125 0.06640625
0 0.4828125 0.53671875 0.021875 0.075
0 0.1171875 0.56953125 0.06484375 0.084375
0 0.2796875 0.52890625 0.021875 0.0890625
0 0.23203125 0.5375 0.02734375 0.0765625
0 0.18515625 0.53984375 0.02265625 0.0703125
0 0.55546875 0.53046875 0.021875 0.05546875
0 0.6640625 0.5734375 0.0859375 0.09453125
0 0.74609375 0.51953125 0.02890625 0.03828125
0 0.28984375 0.52890625 0.04140625 0.0890625
0 0.85234375 0.54375 0.025 0.06328125