0 0.55625 0.53203125 0.0265625 0.071875
0 0.40390625 0.54296875 0.015625 0.06875
0 0.66484375 0.5359375 0.0203125 0.06640625
0 0.24453125 0.55078125 0.02890625 0.0796875
0 0.440625 0.54140625 0.01796875 0.06328125
0 0.490625 0.54140625 0.03828125 0.07109375
0 0.834375 0.54921875 0.05234375 0.06015625
0 0.80390625 0.5375 0.0328125 0.0640625
0 0.19609375 0.540625 0.0203125 0.075
0 0.35625 0.54609375 0.02890625 0.06484375
0 0.28359375 0.5546875 0.01875 0.0796875
0 0.89453125 0.5484375 0.05703125 0.05
0 0.62734375 0.534375 0.02265625 0.071875
0 0.69296875 0.53671875 0.02265625 0.06484375
0 0.52890625 0.53125 0.02890625 0.08125
0 0.7046875 0.525 0.01953125 0.08359375