0 0.6671875 0.53671875 0.05078125 0.06484375
0 0.28046875 0.5296875 0.021875 0.08671875
0 0.11328125 0.53125 0.04140625 0.0953125
0 0.37578125 0.53671875 0.065625 0.07421875
0 0.403125 0.5359375 0.021875 0.0703125
0 0.540625 0.5234375 0.01875 0.05390625
0 0.28984375 0.52890625 0.04296875 0.0890625
0 0.89375 0.5515625 0.02734375 0.0640625
0 0.8359375 0.54375 0.0578125 0.06328125
0 0.4546875 0.58125 0.10078125 0.1
0 0.06171875 0.55078125 0.02890625 0.10078125
0 0.228125 0.53828125 0.02421875 0.07578125
0 0.1859375 0.53515625 0.0265625 0.0796875
0 0.55546875 0.53046875 0.02109375 0.0546875
0 0.74140625 0.5203125 0.03515625 0.0390625