0 0.35703125 0.53671875 0.028125 0.0734375
0 0.08125 0.52109375 0.01640625 0.06328125
0 0.68671875 0.5390625 0.04375 0.0609375
0 0.2796875 0.5328125 0.01953125 0.07890625
0 0.01171875 0.5390625 0.0234375 0.065625
0 0.40625 0.5359375 0.02578125 0.0734375
0 0.5421875 0.52109375 0.02109375 0.059375
0 0.8375 0.5421875 0.05546875 0.065625
0 0.48359375 0.5359375 0.0234375 0.0765625
0 0.05234375 0.61015625 0.1046875 0.1328125
0 0.11484375 0.53671875 0.01796875 0.06484375
0 0.19140625 0.53671875 0.0234375 0.07421875
0 0.440625 0.53828125 0.01953125 0.0640625
0 0.15 0.56796875 0.06640625 0.09296875
0 0.740625 0.52109375 0.0359375 0.0359375
0 0.5546875 0.53046875 0.021875 0.05625
0 0.2296875 0.53671875 0.02109375 0.07578125