0 0.6859375 0.53828125 0.0421875 0.06171875
0 0.84375 0.54375 0.04296875 0.06171875
0 0.2296875 0.53671875 0.0203125 0.0765625
0 0.35859375 0.534375 0.03203125 0.0765625
0 0.40390625 0.5359375 0.02265625 0.071875
0 0.0421875 0.55078125 0.02890625 0.09375
0 0.12109375 0.5375 0.02890625 0.06796875
0 0.9890625 0.5890625 0.021875 0.08125
0 0.4984375 0.57578125 0.090625 0.0890625
0 0.17578125 0.58671875 0.09765625 0.14921875
0 0.55703125 0.53046875 0.02265625 0.05546875
0 0.440625 0.53828125 0.01953125 0.06484375
0 0.53984375 0.521875 0.01953125 0.05390625
0 0.7453125 0.52109375 0.0265625 0.03828125
0 0.28046875 0.53359375 0.01953125 0.07890625