0 0.66796875 0.53671875 0.05078125 0.065625
0 0.55625 0.52734375 0.02265625 0.04921875
0 0.059375 0.53125 0.01484375 0.075
0 0.11171875 0.540625 0.03828125 0.075
0 0.3578125 0.5375 0.03046875 0.0734375
0 0.83671875 0.5421875 0.05703125 0.065625
0 0.5 0.58125 0.09609375 0.08359375
0 0.075 0.5328125 0.02265625 0.08203125
0 0.403125 0.5375 0.02109375 0.06953125
0 0.1859375 0.53671875 0.02265625 0.07578125
0 0.5875 0.55078125 0.0703125 0.06875
0 0.44140625 0.53828125 0.01953125 0.06484375
0 0.5375 0.52421875 0.025 0.05390625