0 0.44140625 0.5390625 0.02109375 0.0640625
0 0.55859375 0.53046875 0.0234375 0.053125
0 0.66796875 0.53828125 0.0515625 0.0640625
0 0.69140625 0.52265625 0.01953125 0.03828125
0 0.11640625 0.5390625 0.04609375 0.078125
0 0.83671875 0.54453125 0.05703125 0.0609375
0 0.4828125 0.53828125 0.02265625 0.07421875
0 0.35859375 0.53515625 0.03203125 0.078125
0 0.40390625 0.53671875 0.02265625 0.07109375
0 0.190625 0.52734375 0.03203125 0.0953125
0 0.5328125 0.5390625 0.0578125 0.05625
0 0.2765625 0.56953125 0.09453125 0.09296875
0 0.74453125 0.521875 0.02578125 0.0359375