0 0.440625 0.53828125 0.02109375 0.06484375
0 0.35625 0.5359375 0.02734375 0.07421875
0 0.68203125 0.5375 0.046875 0.0640625
0 0.0453125 0.55 0.02734375 0.08125
0 0.40625 0.5359375 0.02578125 0.0734375
0 0.009375 0.56640625 0.01796875 0.0890625
0 0.97421875 0.54921875 0.05078125 0.06953125
0 0.48359375 0.53671875 0.02421875 0.075
0 0.8359375 0.53984375 0.0578125 0.0703125
0 0.08984375 0.559375 0.0625 0.0890625
0 0.2796875 0.5328125 0.01953125 0.08046875
0 0.22890625 0.53671875 0.02421875 0.078125
0 0.12109375 0.53125 0.03515625 0.075
0 0.190625 0.53828125 0.02421875 0.075
0 0.55546875 0.53046875 0.02421875 0.05546875
0 0.54140625 0.52421875 0.021875 0.05390625
0 0.74609375 0.5203125 0.02890625 0.03671875