0 0.440625 0.540625 0.01953125 0.065625
0 0.6984375 0.540625 0.028125 0.05859375
0 0.55625 0.5328125 0.02734375 0.07109375
0 0.48359375 0.540625 0.02265625 0.075
0 0.15234375 0.5703125 0.04296875 0.090625
0 0.4046875 0.5390625 0.0203125 0.07578125
0 0.35546875 0.5390625 0.02734375 0.0765625
0 0.2796875 0.5375 0.01953125 0.08046875
0 0.2390625 0.54140625 0.0328125 0.07578125
0 0.80546875 0.5421875 0.03984375 0.06796875
0 0.52890625 0.53203125 0.02890625 0.0796875
0 0.628125 0.53359375 0.021875 0.0734375
0 0.91328125 0.546875 0.02109375 0.053125