0 0.68671875 0.53671875 0.04296875 0.06484375
0 0.06875 0.53671875 0.0421875 0.07578125
0 0.22890625 0.53671875 0.02109375 0.07578125
0 0.296875 0.57421875 0.09140625 0.0859375
0 0.40546875 0.5265625 0.02578125 0.05390625
0 0.540625 0.521875 0.02421875 0.05703125
0 0.8375 0.54375 0.05546875 0.06171875
0 0.48359375 0.53671875 0.02421875 0.07421875
0 0.3859375 0.61953125 0.13203125 0.128125
0 0.01015625 0.559375 0.0203125 0.10546875
0 0.12109375 0.53671875 0.02578125 0.06796875
0 0.18515625 0.53828125 0.02265625 0.075
0 0.35234375 0.53515625 0.02421875 0.07578125
0 0.440625 0.53828125 0.01953125 0.06484375
0 0.740625 0.5203125 0.03359375 0.03671875
0 0.55546875 0.5296875 0.02109375 0.05703125