0 0.6875 0.5375 0.04140625 0.0640625
0 0.11328125 0.53671875 0.04140625 0.08203125
0 0.359375 0.534375 0.03359375 0.078125
0 0.23203125 0.53671875 0.025 0.07578125
0 0.02578125 0.54921875 0.04296875 0.0953125
0 0.82734375 0.54296875 0.07421875 0.06484375
0 0.4828125 0.5375 0.0234375 0.0734375
0 0.403125 0.53125 0.02109375 0.08125
0 0.1859375 0.53671875 0.02265625 0.07578125
0 0.74609375 0.5203125 0.02890625 0.0390625
0 0.440625 0.53828125 0.01953125 0.0640625
0 0.540625 0.52421875 0.01796875 0.05390625
0 0.59765625 0.58046875 0.0890625 0.08515625
0 0.5 0.515625 0.01484375 0.05390625
0 0.55625 0.53046875 0.0203125 0.0546875
0 0.296875 0.58046875 0.0984375 0.10390625