0 0.559375 0.5359375 0.02109375 0.06484375
0 0.40234375 0.540625 0.0234375 0.0734375
0 0.4375 0.5421875 0.01796875 0.06171875
0 0.74765625 0.5609375 0.03828125 0.06953125
0 0.89609375 0.54921875 0.053125 0.0484375
0 0.809375 0.54140625 0.03203125 0.06953125
0 0.1515625 0.590625 0.08046875 0.13359375
0 0.35625 0.5484375 0.02890625 0.0609375
0 0.696875 0.5375 0.0296875 0.0640625
0 0.27890625 0.52421875 0.0234375 0.0640625
0 0.62578125 0.53671875 0.02421875 0.06796875
0 0.48515625 0.540625 0.0265625 0.0734375
0 0.5265625 0.52890625 0.0328125 0.08671875
0 0.66484375 0.53671875 0.02109375 0.065625