0 0.6859375 0.5390625 0.04140625 0.0609375
0 0.359375 0.53671875 0.034375 0.0734375
0 0.1859375 0.5375 0.02109375 0.075
0 0.40703125 0.5296875 0.02890625 0.08515625
0 0.54140625 0.52421875 0.021875 0.05390625
0 0.03984375 0.5453125 0.05390625 0.08671875
0 0.85859375 0.58203125 0.06796875 0.084375
0 0.4828125 0.53671875 0.0234375 0.07421875
0 0.12265625 0.53125 0.03046875 0.08203125
0 0.55546875 0.53046875 0.021875 0.05546875
0 0.440625 0.53828125 0.01953125 0.06484375
0 0.74453125 0.5203125 0.02578125 0.03671875
0 0.275 0.57421875 0.09921875 0.10859375