0 0.2390625 0.53828125 0.03125 0.08203125
0 0.55859375 0.53203125 0.02265625 0.0734375
0 0.43984375 0.53515625 0.0234375 0.07421875
0 0.9 0.546875 0.0453125 0.0515625
0 0.10859375 0.77578125 0.2171875 0.32421875
0 0.40390625 0.540625 0.02109375 0.0734375
0 0.35546875 0.53984375 0.02734375 0.07578125
0 0.6984375 0.53671875 0.028125 0.06484375
0 0.28046875 0.53671875 0.02109375 0.08125
0 0.80546875 0.5421875 0.040625 0.06796875
0 0.628125 0.53203125 0.02265625 0.07578125
0 0.48359375 0.5390625 0.02421875 0.07578125
0 0.52734375 0.53203125 0.03046875 0.08046875
0 0.66484375 0.53671875 0.02109375 0.06484375