0 0.69765625 0.53046875 0.03125 0.07890625
0 0.55625 0.53359375 0.02734375 0.0703125
0 0.8765625 0.54609375 0.05390625 0.06328125
0 0.190625 0.54296875 0.01640625 0.07421875
0 0.4046875 0.54140625 0.0203125 0.07109375
0 0.35703125 0.53671875 0.0296875 0.084375
0 0.2171875 0.56640625 0.03359375 0.09140625
0 0.44140625 0.54140625 0.01953125 0.06484375
0 0.26953125 0.55546875 0.01796875 0.0859375
0 0.2453125 0.53671875 0.02265625 0.07109375
0 0.62734375 0.53046875 0.021875 0.0796875
0 0.91015625 0.54609375 0.01953125 0.07109375
0 0.484375 0.5515625 0.01640625 0.053125
0 0.53046875 0.53125 0.02578125 0.08125
0 0.66484375 0.5375 0.02109375 0.0640625
0 0.80546875 0.54140625 0.03984375 0.06875