0 0.440625 0.540625 0.02109375 0.06484375
0 0.696875 0.5390625 0.02890625 0.06015625
0 0.89765625 0.54609375 0.05 0.0546875
0 0.484375 0.5390625 0.025 0.07578125
0 0.153125 0.5703125 0.0390625 0.090625
0 0.4046875 0.540625 0.0203125 0.071875
0 0.23515625 0.5421875 0.02578125 0.0765625
0 0.35546875 0.5390625 0.028125 0.0765625
0 0.665625 0.53828125 0.02109375 0.06328125
0 0.2796875 0.5375 0.01953125 0.08046875
0 0.55625 0.53203125 0.02734375 0.07421875
0 0.80546875 0.54140625 0.03984375 0.06875
0 0.53046875 0.53671875 0.025 0.0703125