0 0.08984375 0.52578125 0.03515625 0.07109375
0 0.6875 0.53984375 0.04140625 0.059375
0 0.48203125 0.53671875 0.02109375 0.07421875
0 0.35625 0.53515625 0.02734375 0.078125
0 0.403125 0.5359375 0.0203125 0.071875
0 0.440625 0.53828125 0.0203125 0.0640625
0 0.1140625 0.54140625 0.03984375 0.075
0 0.8359375 0.54296875 0.0578125 0.0640625
0 0.2796875 0.5296875 0.02265625 0.08671875
0 0.7453125 0.5203125 0.02578125 0.0390625
0 0.2296875 0.5375 0.02421875 0.0765625
0 0.18671875 0.53671875 0.02421875 0.07578125
0 0.53984375 0.57578125 0.09375 0.08984375
0 0.71484375 0.51640625 0.021875 0.05859375
0 0.28984375 0.5296875 0.04296875 0.08671875