0 0.725 0.615625 0.0859375 0.1515625
0 0.55703125 0.53359375 0.02734375 0.071875
0 0.696875 0.53125 0.0296875 0.075
0 0.48515625 0.540625 0.02578125 0.07421875
0 0.39921875 0.53203125 0.01484375 0.08671875
0 0.89609375 0.5984375 0.04453125 0.0984375
0 0.35625 0.540625 0.02890625 0.0765625
0 0.278125 0.53828125 0.0203125 0.07890625
0 0.44140625 0.5359375 0.02109375 0.075
0 0.62734375 0.5328125 0.021875 0.075
0 0.23671875 0.54140625 0.03359375 0.0765625
0 0.528125 0.53125 0.02890625 0.08203125
0 0.665625 0.5359375 0.02109375 0.06640625
0 0.80546875 0.54296875 0.03984375 0.06640625