0 0.2796875 0.528125 0.02109375 0.08984375
0 0.35703125 0.53515625 0.02890625 0.07578125
0 0.40625 0.5359375 0.02578125 0.071875
0 0.55546875 0.53046875 0.02265625 0.05546875
0 0.00859375 0.5640625 0.0171875 0.09375
0 0.96484375 0.5578125 0.0703125 0.06171875
0 0.91328125 0.5421875 0.053125 0.05859375
0 0.0640625 0.56484375 0.0359375 0.0890625
0 0.23125 0.53671875 0.02421875 0.0765625
0 0.1953125 0.53359375 0.03359375 0.08515625
0 0.659375 0.53671875 0.06015625 0.065625
0 0.440625 0.53828125 0.01953125 0.06484375
0 0.54140625 0.52421875 0.01953125 0.05546875
0 0.74609375 0.51953125 0.02734375 0.0390625
0 0.82890625 0.54140625 0.07265625 0.06640625