0 0.55859375 0.5375 0.021875 0.06171875
0 0.48515625 0.540625 0.02734375 0.0734375
0 0.7890625 0.55390625 0.05078125 0.06171875
0 0.2796875 0.525 0.02578125 0.06328125
0 0.89921875 0.5515625 0.04609375 0.04375
0 0.815625 0.55078125 0.01953125 0.0515625
0 0.35625 0.54296875 0.02890625 0.071875
0 0.046875 0.6234375 0.09375 0.13125
0 0.43828125 0.5421875 0.01796875 0.06171875
0 0.403125 0.540625 0.0203125 0.071875
0 0.234375 0.559375 0.0296875 0.09609375
0 0.69765625 0.534375 0.03125 0.06953125
0 0.66484375 0.5375 0.02109375 0.0640625
0 0.18984375 0.55 0.03203125 0.08125
0 0.6265625 0.534375 0.02421875 0.071875
0 0.52890625 0.53671875 0.02890625 0.0703125