0 0.184375 0.53671875 0.02109375 0.07578125
0 0.115625 0.53203125 0.03359375 0.0765625
0 0.2796875 0.52890625 0.01953125 0.0890625
0 0.80234375 0.5734375 0.08203125 0.09375
0 0.53984375 0.51953125 0.01953125 0.06015625
0 0.48359375 0.53515625 0.02421875 0.07578125
0 0.84375 0.54296875 0.0421875 0.0640625
0 0.403125 0.60703125 0.11171875 0.10390625
0 0.0671875 0.5625 0.03984375 0.10078125
0 0.35625 0.534375 0.02890625 0.0765625
0 0.22890625 0.53671875 0.02109375 0.078125
0 0.68671875 0.5390625 0.04296875 0.06015625
0 0.55546875 0.53046875 0.021875 0.0546875
0 0.43984375 0.5359375 0.02109375 0.06171875
0 0.73984375 0.52109375 0.0359375 0.0359375