0 0.6953125 0.540625 0.021875 0.05859375
0 0.19921875 0.5390625 0.01953125 0.07109375
0 0.4859375 0.540625 0.021875 0.07421875
0 0.83203125 0.5484375 0.05625 0.06171875
0 0.22734375 0.57578125 0.04921875 0.1046875
0 0.35546875 0.54140625 0.02734375 0.075
0 0.44140625 0.540625 0.01953125 0.06484375
0 0.40625 0.54140625 0.02421875 0.07109375
0 0.27734375 0.52578125 0.02421875 0.05625
0 0.25 0.53671875 0.01953125 0.06640625
0 0.5609375 0.53359375 0.01953125 0.06953125
0 0.89765625 0.54609375 0.05078125 0.05390625
0 0.628125 0.53359375 0.0203125 0.07421875
0 0.53125 0.534375 0.02421875 0.075
0 0.665625 0.53671875 0.01953125 0.065625