0 0.65234375 0.56484375 0.04921875 0.08671875
0 0.3546875 0.5359375 0.02734375 0.07578125
0 0.40546875 0.53671875 0.02578125 0.0734375
0 0.1921875 0.53828125 0.02421875 0.0734375
0 0.92578125 0.5703125 0.07109375 0.07421875
0 0.484375 0.53515625 0.025 0.078125
0 0.21015625 0.52890625 0.02109375 0.078125
0 0.2890625 0.53203125 0.03828125 0.08203125
0 0.234375 0.5375 0.02421875 0.0765625
0 0.553125 0.52890625 0.0359375 0.075
0 0.44375 0.5359375 0.02734375 0.0703125
0 0.840625 0.5421875 0.0484375 0.0640625