0 0.665625 0.53671875 0.05703125 0.0640625
0 0.2796875 0.53359375 0.02109375 0.0796875
0 0.04765625 0.54609375 0.0234375 0.09453125
0 0.23046875 0.5375 0.02421875 0.0765625
0 0.35625 0.53671875 0.0265625 0.0734375
0 0.403125 0.5359375 0.02109375 0.0734375
0 0.009375 0.5609375 0.01875 0.1
0 0.97265625 0.54921875 0.0546875 0.05859375
0 0.4828125 0.5375 0.02265625 0.0734375
0 0.0890625 0.559375 0.06171875 0.0890625
0 0.1234375 0.53125 0.03046875 0.0765625
0 0.190625 0.53828125 0.02421875 0.075
0 0.55546875 0.53046875 0.021875 0.05546875
0 0.8375 0.54140625 0.05546875 0.06796875
0 0.44140625 0.53828125 0.01953125 0.06484375
0 0.53828125 0.5234375 0.02265625 0.0515625
0 0.7453125 0.5203125 0.02734375 0.0390625