0 0.35703125 0.53515625 0.02890625 0.07578125
0 0.81484375 0.58125 0.07109375 0.071875
0 0.9125 0.54296875 0.0546875 0.06640625
0 0.23046875 0.5375 0.02421875 0.0765625
0 0.40625 0.5359375 0.0265625 0.0734375
0 0.009375 0.55703125 0.01875 0.109375
0 0.06953125 0.5265625 0.02734375 0.07421875
0 0.48203125 0.53125 0.021875 0.08515625
0 0.853125 0.54296875 0.02421875 0.0640625
0 0.1234375 0.5296875 0.0296875 0.0796875
0 0.1921875 0.52734375 0.0265625 0.0953125
0 0.08359375 0.53671875 0.01875 0.0796875
0 0.55390625 0.53046875 0.025 0.05546875
0 0.6359375 0.5359375 0.05546875 0.0609375
0 0.440625 0.53828125 0.01953125 0.06484375
0 0.53984375 0.521875 0.01875 0.05703125
0 0.2796875 0.53125 0.02109375 0.084375