0 0.79609375 0.62421875 0.078125 0.1359375
0 0.55703125 0.5328125 0.02734375 0.07109375
0 0.4875 0.540625 0.03671875 0.0734375
0 0.91953125 0.5765625 0.02734375 0.0609375
0 0.840625 0.5859375 0.03359375 0.115625
0 0.465625 0.64453125 0.11796875 0.18984375
0 0.11953125 0.575 0.07265625 0.1
0 0.4046875 0.52890625 0.01796875 0.05078125
0 0.2328125 0.5421875 0.02734375 0.0765625
0 0.69765625 0.53515625 0.03046875 0.06875
0 0.27890625 0.53828125 0.021875 0.0796875
0 0.628125 0.5359375 0.02421875 0.0703125
0 0.53125 0.53203125 0.02421875 0.08125
0 0.66484375 0.53515625 0.02109375 0.0703125
0 0.34453125 0.54140625 0.03359375 0.0765625