0 0.696875 0.53671875 0.02890625 0.065625
0 0.5609375 0.5328125 0.02109375 0.07109375
0 0.440625 0.54140625 0.02109375 0.0640625
0 0.48671875 0.5421875 0.02109375 0.07109375
0 0.85625 0.5453125 0.0359375 0.06640625
0 0.1453125 0.5984375 0.06328125 0.11875
0 0.18828125 0.5421875 0.01328125 0.075
0 0.4046875 0.540625 0.02109375 0.071875
0 0.2296875 0.58046875 0.05078125 0.1109375
0 0.89375 0.559375 0.02421875 0.0546875
0 0.628125 0.53203125 0.02265625 0.0765625
0 0.91171875 0.54609375 0.0234375 0.05390625
0 0.52890625 0.53203125 0.028125 0.08046875
0 0.665625 0.53671875 0.0203125 0.06484375
0 0.35546875 0.540625 0.02734375 0.07421875
0 0.80546875 0.5421875 0.03984375 0.06796875