0 0.55703125 0.53125 0.025 0.07421875
0 0.3078125 0.5296875 0.02109375 0.0609375
0 0.24765625 0.53671875 0.02265625 0.06796875
0 0.44140625 0.54140625 0.01875 0.06328125
0 0.48515625 0.54140625 0.028125 0.0703125
0 0.83203125 0.546875 0.05546875 0.065625
0 0.19765625 0.57890625 0.03984375 0.096875
0 0.40703125 0.54140625 0.0234375 0.07109375
0 0.2765625 0.52578125 0.01953125 0.06015625
0 0.35546875 0.5421875 0.02734375 0.07109375
0 0.8984375 0.54609375 0.04921875 0.0546875
0 0.6265625 0.53046875 0.02265625 0.08046875
0 0.53203125 0.53359375 0.025 0.0765625
0 0.70234375 0.5328125 0.02421875 0.07109375
0 0.66640625 0.5359375 0.01953125 0.06796875