0 0.44140625 0.53828125 0.02109375 0.065625
0 0.66953125 0.5375 0.053125 0.0640625
0 0.359375 0.534375 0.0328125 0.07890625
0 0.28046875 0.5296875 0.021875 0.08671875
0 0.25546875 0.5234375 0.02890625 0.06640625
0 0.8359375 0.54140625 0.05859375 0.06640625
0 0.48203125 0.53671875 0.021875 0.075
0 0.2890625 0.52890625 0.04140625 0.0890625
0 0.121875 0.56328125 0.06171875 0.1015625
0 0.40390625 0.53671875 0.021875 0.07109375
0 0.1890625 0.5234375 0.03125 0.10390625
0 0.54765625 0.53828125 0.04609375 0.0546875
0 0.74140625 0.5203125 0.0375 0.0390625