0 0.671875 0.53828125 0.05234375 0.06328125
0 0.440625 0.5390625 0.0203125 0.06484375
0 0.35625 0.53671875 0.03046875 0.07421875
0 0.109375 0.546875 0.03359375 0.08046875
0 0.2796875 0.5296875 0.01953125 0.0703125
0 0.83671875 0.54921875 0.0578125 0.04921875
0 0.2453125 0.59765625 0.0953125 0.11015625
0 0.403125 0.53671875 0.02265625 0.071875
0 0.16484375 0.5234375 0.03046875 0.06796875
0 0.19140625 0.53828125 0.02421875 0.0734375
0 0.50546875 0.571875 0.096875 0.096875
0 0.56015625 0.5296875 0.025 0.07421875