0 0.70546875 0.57109375 0.08359375 0.0859375
0 0.19140625 0.5359375 0.02265625 0.078125
0 0.3546875 0.5359375 0.02734375 0.0765625
0 0.2109375 0.52734375 0.01953125 0.08203125
0 0.40625 0.53671875 0.0265625 0.071875
0 0.840625 0.54453125 0.04765625 0.0609375
0 0.28046875 0.53359375 0.02109375 0.07890625
0 0.23515625 0.53671875 0.02578125 0.078125
0 0.553125 0.52890625 0.03515625 0.075
0 0.48359375 0.534375 0.02421875 0.07890625
0 0.44140625 0.53671875 0.02109375 0.06953125
0 0.290625 0.53125 0.04140625 0.08359375