0 0.44140625 0.53828125 0.0203125 0.0640625
0 0.2796875 0.53359375 0.02109375 0.07890625
0 0.54140625 0.52265625 0.01953125 0.0546875
0 0.73828125 0.590625 0.09765625 0.0859375
0 0.10625 0.53359375 0.02734375 0.08828125
0 0.35703125 0.534375 0.028125 0.0765625
0 0.965625 0.56875 0.06796875 0.06796875
0 0.4828125 0.5375 0.0234375 0.0734375
0 0.84453125 0.5421875 0.04140625 0.065625
0 0.15546875 0.57421875 0.09296875 0.0984375
0 0.40625 0.53671875 0.0265625 0.07109375
0 0.23046875 0.5375 0.0234375 0.0765625
0 0.5546875 0.53046875 0.02265625 0.05546875
0 0.6796875 0.5390625 0.025 0.06015625