0 0.440625 0.53828125 0.0203125 0.06484375
0 0.3328125 0.56875 0.10078125 0.12890625
0 0.08046875 0.53828125 0.021875 0.059375
0 0.2796875 0.53359375 0.0203125 0.0796875
0 0.40390625 0.5359375 0.021875 0.071875
0 0.53984375 0.5234375 0.01953125 0.05546875
0 0.00859375 0.5609375 0.0171875 0.10078125
0 0.96171875 0.5546875 0.0765625 0.059375
0 0.4828125 0.53671875 0.02265625 0.075
0 0.909375 0.53046875 0.04609375 0.08046875
0 0.23125 0.53828125 0.02421875 0.07578125
0 0.190625 0.53828125 0.02578125 0.07578125
0 0.04296875 0.53828125 0.03515625 0.07578125
0 0.55546875 0.53046875 0.02109375 0.05546875
0 0.83671875 0.53984375 0.05703125 0.0703125
0 0.659375 0.53671875 0.06015625 0.065625