0 0.35625 0.5359375 0.02734375 0.07421875
0 0.68515625 0.540625 0.04296875 0.05859375
0 0.83671875 0.5421875 0.05703125 0.065625
0 0.2296875 0.53671875 0.02265625 0.078125
0 0.190625 0.53828125 0.02421875 0.0734375
0 0.403125 0.53515625 0.02109375 0.07421875
0 0.54140625 0.52265625 0.02265625 0.05859375
0 0.01328125 0.56953125 0.0265625 0.0890625
0 0.90546875 0.54453125 0.0515625 0.06171875
0 0.48359375 0.5359375 0.02265625 0.07578125
0 0.2796875 0.534375 0.02109375 0.078125
0 0.10078125 0.5609375 0.0625 0.090625
0 0.3 0.53125 0.02265625 0.07890625
0 0.03984375 0.559375 0.02578125 0.06015625
0 0.55625 0.53046875 0.0203125 0.05546875
0 0.440625 0.53828125 0.01875 0.0640625
0 0.74609375 0.5203125 0.028125 0.0390625