0 0.18984375 0.5390625 0.0234375 0.07421875
0 0.35625 0.53515625 0.02734375 0.07578125
0 0.128125 0.52890625 0.02265625 0.084375
0 0.659375 0.53671875 0.059375 0.06484375
0 0.40390625 0.5359375 0.02265625 0.071875
0 0.5421875 0.521875 0.02265625 0.05703125
0 0.009375 0.55859375 0.01875 0.0984375
0 0.9140625 0.53046875 0.05390625 0.08671875
0 0.48359375 0.53671875 0.0234375 0.07421875
0 0.28046875 0.53203125 0.02109375 0.08203125
0 0.0484375 0.55390625 0.02734375 0.0859375
0 0.23125 0.53828125 0.02265625 0.075
0 0.55625 0.53046875 0.02421875 0.0546875
0 0.8359375 0.53984375 0.05859375 0.0703125
0 0.440625 0.53828125 0.01953125 0.0640625