0 0.484375 0.54140625 0.025 0.0703125
0 0.5578125 0.53203125 0.02265625 0.071875
0 0.1921875 0.54140625 0.02421875 0.07890625
0 0.4046875 0.5421875 0.02109375 0.06953125
0 0.83125 0.546875 0.05390625 0.065625
0 0.2265625 0.56015625 0.02421875 0.08359375
0 0.2796875 0.52421875 0.02421875 0.0640625
0 0.43671875 0.5421875 0.0171875 0.06171875
0 0.69765625 0.5359375 0.03046875 0.06640625
0 0.35625 0.54609375 0.02890625 0.065625
0 0.253125 0.5328125 0.02109375 0.07109375
0 0.896875 0.54921875 0.05234375 0.046875
0 0.62734375 0.53671875 0.02265625 0.06640625
0 0.528125 0.5328125 0.02890625 0.07890625
0 0.665625 0.53671875 0.0203125 0.06484375