0 0.35625 0.53671875 0.02734375 0.0734375
0 0.0203125 0.54140625 0.03515625 0.075
0 0.40234375 0.53671875 0.01953125 0.0703125
0 0.540625 0.525 0.01953125 0.05390625
0 0.25703125 0.5265625 0.02265625 0.06171875
0 0.83671875 0.54140625 0.05703125 0.06640625
0 0.4828125 0.5375 0.0234375 0.0734375
0 0.059375 0.54921875 0.04296875 0.084375
0 0.2796875 0.53359375 0.02109375 0.07890625
0 0.12734375 0.52734375 0.02109375 0.08203125
0 0.23203125 0.53671875 0.02421875 0.07890625
0 0.0890625 0.53125 0.01796875 0.06953125
0 0.19140625 0.5390625 0.02578125 0.07421875
0 0.55546875 0.53125 0.0203125 0.0546875
0 0.440625 0.53828125 0.01875 0.0640625