0 0.10625 0.540625 0.0265625 0.075
0 0.359375 0.5359375 0.034375 0.075
0 0.4046875 0.5359375 0.02421875 0.071875
0 0.8046875 0.5796875 0.07890625 0.090625
0 0.540625 0.5234375 0.01953125 0.0546875
0 0.040625 0.56015625 0.04375 0.09296875
0 0.48359375 0.53828125 0.02421875 0.07109375
0 0.84375 0.54140625 0.04296875 0.06640625
0 0.1828125 0.5359375 0.01640625 0.06953125
0 0.6875 0.53828125 0.0421875 0.06171875
0 0.55546875 0.53125 0.021875 0.0546875
0 0.440625 0.53828125 0.01953125 0.06484375
0 0.2796875 0.53359375 0.0203125 0.07890625
0 0.221875 0.5796875 0.09609375 0.1015625