0 0.440625 0.5390625 0.0203125 0.06484375
0 0.66875 0.53671875 0.05078125 0.06484375
0 0.2796875 0.528125 0.021875 0.08984375
0 0.1140625 0.534375 0.04140625 0.08671875
0 0.1875 0.53828125 0.02734375 0.07421875
0 0.35859375 0.53515625 0.03203125 0.078125
0 0.403125 0.53515625 0.02109375 0.07421875
0 0.53984375 0.5234375 0.01953125 0.05390625
0 0.17421875 0.5234375 0.01953125 0.065625
0 0.28984375 0.528125 0.04296875 0.08984375
0 0.94453125 0.559375 0.07578125 0.09921875
0 0.4828125 0.5375 0.02265625 0.0734375
0 0.0375 0.55703125 0.034375 0.0953125
0 0.23046875 0.53828125 0.02578125 0.07578125
0 0.55546875 0.53046875 0.021875 0.05546875
0 0.72734375 0.51796875 0.05703125 0.0515625
0 0.83671875 0.54296875 0.05703125 0.06484375