0 0.7484375 0.56875 0.07109375 0.071875
0 0.0578125 0.52890625 0.01953125 0.07890625
0 0.2296875 0.53828125 0.02109375 0.07578125
0 0.18515625 0.53671875 0.02109375 0.07578125
0 0.54140625 0.521875 0.02109375 0.05859375
0 0.01171875 0.58203125 0.0234375 0.09140625
0 0.98828125 0.58828125 0.02265625 0.0734375
0 0.4828125 0.53828125 0.02265625 0.071875
0 0.8375 0.54140625 0.05546875 0.06640625
0 0.38359375 0.62578125 0.13984375 0.13125
0 0.0875 0.56796875 0.05546875 0.08515625
0 0.6859375 0.53828125 0.04140625 0.06328125
0 0.121875 0.5390625 0.02734375 0.0640625
0 0.55546875 0.53046875 0.02109375 0.05546875
0 0.40390625 0.528125 0.0203125 0.053125
0 0.440625 0.53828125 0.01953125 0.0640625
0 0.2796875 0.53359375 0.0203125 0.0796875