0 0.33359375 0.5734375 0.09765625 0.09609375
0 0.6875 0.5390625 0.04140625 0.06015625
0 0.28046875 0.53359375 0.02265625 0.0796875
0 0.1859375 0.53828125 0.02265625 0.07421875
0 0.4046875 0.53671875 0.02265625 0.0734375
0 0.540625 0.52421875 0.02109375 0.05390625
0 0.93046875 0.584375 0.06640625 0.0765625
0 0.4828125 0.53671875 0.02265625 0.075
0 0.22890625 0.5375 0.0234375 0.0765625
0 0.11328125 0.5328125 0.040625 0.08984375
0 0.7453125 0.52109375 0.02734375 0.03828125
0 0.55546875 0.53125 0.02109375 0.0546875
0 0.440625 0.53828125 0.0203125 0.065625
0 0.8359375 0.54140625 0.05859375 0.06796875