0 0.44140625 0.53671875 0.02109375 0.06953125
0 0.540625 0.52421875 0.01796875 0.05390625
0 0.6828125 0.55703125 0.06640625 0.065625
0 0.746875 0.51953125 0.0296875 0.0390625
0 0.18671875 0.5390625 0.021875 0.071875
0 0.8703125 0.5734375 0.07890625 0.084375
0 0.4828125 0.53203125 0.0234375 0.084375
0 0.35703125 0.53671875 0.0296875 0.0734375
0 0.403125 0.53671875 0.02109375 0.07109375
0 0.23203125 0.5359375 0.02421875 0.0703125
0 0.18984375 0.528125 0.028125 0.09453125
0 0.55625 0.53125 0.02109375 0.0546875
0 0.65546875 0.53671875 0.0265625 0.06796875
0 0.27265625 0.57421875 0.090625 0.0953125