0 0.55703125 0.53125 0.02734375 0.07421875
0 0.66484375 0.53671875 0.02109375 0.065625
0 0.23828125 0.540625 0.03125 0.078125
0 0.484375 0.540625 0.02578125 0.071875
0 0.84375 0.590625 0.059375 0.125
0 0.9359375 0.58046875 0.02890625 0.065625
0 0.89921875 0.5609375 0.02109375 0.0515625
0 0.27734375 0.53828125 0.01953125 0.0765625
0 0.35546875 0.546875 0.02734375 0.0640625
0 0.4046875 0.53984375 0.02109375 0.071875
0 0.69765625 0.534375 0.03203125 0.0703125
0 0.628125 0.534375 0.02265625 0.071875
0 0.53046875 0.53359375 0.02578125 0.078125
0 0.80546875 0.54296875 0.03984375 0.065625