0 0.190625 0.5390625 0.02265625 0.07421875
0 0.67109375 0.53828125 0.05 0.0640625
0 0.3546875 0.5359375 0.02734375 0.078125
0 0.40625 0.5359375 0.0265625 0.07421875
0 0.17421875 0.52578125 0.01796875 0.059375
0 0.8390625 0.54375 0.0515625 0.06171875
0 0.125 0.55859375 0.0390625 0.0890625
0 0.23515625 0.53828125 0.02421875 0.078125
0 0.484375 0.53671875 0.02421875 0.07578125
0 0.553125 0.53046875 0.03671875 0.07421875
0 0.44140625 0.53984375 0.01953125 0.06484375
0 0.28671875 0.5375 0.03984375 0.07890625