0 0.69609375 0.57890625 0.07890625 0.08046875
0 0.1140625 0.540625 0.0421875 0.075
0 0.0390625 0.5265625 0.04453125 0.09921875
0 0.8359375 0.54140625 0.0578125 0.06640625
0 0.48359375 0.53671875 0.02421875 0.07421875
0 0.2796875 0.52890625 0.02109375 0.0890625
0 0.5 0.52109375 0.01484375 0.06640625
0 0.3578125 0.5390625 0.03046875 0.0703125
0 0.1890625 0.53671875 0.02890625 0.07578125
0 0.23359375 0.53828125 0.028125 0.07578125
0 0.28984375 0.52890625 0.03984375 0.0890625
0 0.07734375 0.53515625 0.0234375 0.0796875
0 0.56015625 0.5328125 0.02265625 0.053125
0 0.53984375 0.54140625 0.0375 0.05703125
0 0.4390625 0.5375 0.0234375 0.065625
0 0.746875 0.51953125 0.0296875 0.0390625
0 0.65546875 0.53671875 0.0265625 0.06640625