0 0.55625 0.53203125 0.02734375 0.0734375
0 0.44140625 0.54140625 0.01875 0.0640625
0 0.83359375 0.54921875 0.05390625 0.06015625
0 0.9828125 0.5703125 0.034375 0.059375
0 0.18828125 0.57109375 0.0625 0.09140625
0 0.2578125 0.57890625 0.03359375 0.09296875
0 0.40390625 0.54140625 0.0203125 0.07109375
0 0.69765625 0.53359375 0.03203125 0.07109375
0 0.28203125 0.52265625 0.021875 0.05859375
0 0.89453125 0.5484375 0.05703125 0.05
0 0.6265625 0.5328125 0.02265625 0.075
0 0.490625 0.54140625 0.0375 0.0703125
0 0.665625 0.5359375 0.0203125 0.06640625
0 0.3546875 0.5484375 0.02421875 0.05546875
0 0.528125 0.53125 0.02890625 0.08203125