0 0.27265625 0.54921875 0.02109375 0.08359375
0 0.69609375 0.53984375 0.028125 0.059375
0 0.4421875 0.54140625 0.01796875 0.0640625
0 0.35625 0.5421875 0.02890625 0.07109375
0 0.821875 0.54453125 0.0359375 0.06953125
0 0.40546875 0.54140625 0.0203125 0.0703125
0 0.27734375 0.54453125 0.03046875 0.09140625
0 0.24453125 0.53828125 0.02265625 0.06953125
0 0.19921875 0.53984375 0.02265625 0.071875
0 0.5578125 0.5328125 0.02421875 0.07109375
0 0.896875 0.54765625 0.053125 0.05078125
0 0.6265625 0.534375 0.02109375 0.07109375
0 0.53125 0.53671875 0.02421875 0.07109375
0 0.665625 0.53515625 0.02109375 0.06875