0 0.35859375 0.5359375 0.03203125 0.07578125
0 0.56015625 0.52890625 0.021875 0.0546875
0 0.6703125 0.53671875 0.05546875 0.06484375
0 0.1125 0.5390625 0.0390625 0.078125
0 0.403125 0.53671875 0.01953125 0.07109375
0 0.25859375 0.52578125 0.02578125 0.06328125
0 0.97890625 0.5671875 0.03828125 0.06015625
0 0.4828125 0.53671875 0.0234375 0.075
0 0.290625 0.52890625 0.0421875 0.0890625
0 0.06875 0.5359375 0.0328125 0.08984375
0 0.1859375 0.534375 0.02578125 0.08046875
0 0.53046875 0.5421875 0.04375 0.053125
0 0.44140625 0.53671875 0.02109375 0.06640625
0 0.74140625 0.5203125 0.03671875 0.03671875