0 0.440625 0.5375 0.01953125 0.065625
0 0.659375 0.54453125 0.059375 0.05
0 0.2796875 0.53359375 0.0203125 0.07890625
0 0.35703125 0.53515625 0.02890625 0.07578125
0 0.00859375 0.553125 0.0171875 0.115625
0 0.91328125 0.5390625 0.0546875 0.06953125
0 0.48359375 0.5359375 0.0234375 0.07578125
0 0.15 0.5796875 0.071875 0.09296875
0 0.19140625 0.53671875 0.025 0.07578125
0 0.05078125 0.53359375 0.0359375 0.075
0 0.55625 0.53125 0.02109375 0.0546875
0 0.8375 0.5390625 0.05546875 0.0703125
0 0.53984375 0.5234375 0.02109375 0.05703125
0 0.74609375 0.51953125 0.028125 0.0390625
0 0.23125 0.5375 0.025 0.0765625