0 0.19453125 0.534375 0.03046875 0.08359375
0 0.67109375 0.53828125 0.05078125 0.0640625
0 0.14453125 0.53125 0.02578125 0.0703125
0 0.3546875 0.5359375 0.02734375 0.07890625
0 0.40625 0.5359375 0.0265625 0.07421875
0 0.10625 0.540625 0.03515625 0.0859375
0 0.17421875 0.52421875 0.01796875 0.06484375
0 0.8375 0.546875 0.05546875 0.05859375
0 0.484375 0.53515625 0.025 0.0796875
0 0.2828125 0.534375 0.02734375 0.07890625
0 0.234375 0.5375 0.02421875 0.0765625
0 0.55390625 0.5296875 0.0359375 0.07421875
0 0.44140625 0.53984375 0.02109375 0.06484375
0 0.290625 0.534375 0.04140625 0.0796875