0 0.35546875 0.53828125 0.02734375 0.0703125
0 0.23515625 0.5375 0.03359375 0.0765625
0 0.18984375 0.5390625 0.0234375 0.0734375
0 0.403125 0.5359375 0.02109375 0.071875
0 0.80859375 0.55546875 0.0765625 0.06796875
0 0.540625 0.52421875 0.01796875 0.053125
0 0.025 0.54375 0.0390625 0.07421875
0 0.05078125 0.5328125 0.02265625 0.06796875
0 0.85390625 0.54375 0.02265625 0.06171875
0 0.28046875 0.53359375 0.02109375 0.0796875
0 0.4828125 0.53828125 0.0234375 0.071875
0 0.13046875 0.56875 0.0828125 0.090625
0 0.21171875 0.52890625 0.02578125 0.07890625
0 0.2578125 0.52578125 0.0234375 0.0609375
0 0.0890625 0.52890625 0.0203125 0.06484375
0 0.55625 0.53046875 0.0203125 0.05546875
0 0.440625 0.53828125 0.01953125 0.0640625