0 0.5609375 0.5328125 0.02109375 0.07109375
0 0.69609375 0.540625 0.028125 0.05859375
0 0.30859375 0.528125 0.01875 0.06171875
0 0.48671875 0.54921875 0.01953125 0.05703125
0 0.8328125 0.55078125 0.0546875 0.05859375
0 0.35703125 0.53828125 0.03125 0.0796875
0 0.09453125 0.621875 0.115625 0.16484375
0 0.40390625 0.540625 0.021875 0.071875
0 0.278125 0.52421875 0.02421875 0.065625
0 0.66484375 0.53671875 0.02109375 0.065625
0 0.1640625 0.571875 0.03046875 0.0703125
0 0.89609375 0.54609375 0.05390625 0.0546875
0 0.625 0.53046875 0.025 0.0796875
0 0.4421875 0.54140625 0.01875 0.0640625
0 0.53125 0.534375 0.02421875 0.07578125
0 0.20625 0.63046875 0.09296875 0.1703125