0 0.25234375 0.559375 0.03046875 0.109375
0 0.86796875 0.54921875 0.0203125 0.05859375
0 0.69765625 0.53671875 0.03203125 0.06484375
0 0.55625 0.53203125 0.0265625 0.071875
0 0.89375 0.56171875 0.01953125 0.0546875
0 0.440625 0.54140625 0.02265625 0.06484375
0 0.48515625 0.54140625 0.01640625 0.071875
0 0.8921875 0.55078125 0.06875 0.06171875
0 0.35546875 0.54140625 0.028125 0.075
0 0.1875 0.58046875 0.04609375 0.10390625
0 0.4046875 0.540625 0.01953125 0.071875
0 0.22421875 0.534375 0.02109375 0.06328125
0 0.27890625 0.5578125 0.01953125 0.10078125
0 0.62578125 0.53359375 0.025 0.07421875
0 0.52890625 0.53046875 0.02734375 0.08359375
0 0.6640625 0.53671875 0.02109375 0.06484375
0 0.9140625 0.55625 0.025 0.053125
0 0.80546875 0.5421875 0.03984375 0.06796875