0 0.484375 0.54140625 0.02578125 0.07109375
0 0.27265625 0.52890625 0.01953125 0.05703125
0 0.40546875 0.53828125 0.01875 0.078125
0 0.55703125 0.53125 0.02890625 0.07421875
0 0.8328125 0.54921875 0.0546875 0.0609375
0 0.04921875 0.63046875 0.0984375 0.14375
0 0.18046875 0.56171875 0.03671875 0.08515625
0 0.44140625 0.54140625 0.01796875 0.0640625
0 0.35546875 0.5421875 0.028125 0.07109375
0 0.24921875 0.53828125 0.021875 0.07109375
0 0.89453125 0.5484375 0.05703125 0.04921875
0 0.53203125 0.534375 0.025 0.07578125
0 0.665625 0.5375 0.02109375 0.0640625
0 0.2921875 0.53359375 0.02421875 0.07421875
0 0.80078125 0.5390625 0.03671875 0.0609375