0 0.5609375 0.53203125 0.01953125 0.071875
0 0.69765625 0.5359375 0.028125 0.06640625
0 0.80546875 0.5421875 0.03984375 0.06796875
0 0.440625 0.54140625 0.02109375 0.06328125
0 0.48515625 0.54140625 0.02578125 0.071875
0 0.8640625 0.5984375 0.034375 0.078125
0 0.4046875 0.53984375 0.0203125 0.07421875
0 0.35546875 0.53828125 0.028125 0.08046875
0 0.27734375 0.5375 0.02421875 0.07890625
0 0.23515625 0.54140625 0.02578125 0.0765625
0 0.62890625 0.53359375 0.02421875 0.0734375
0 0.53203125 0.534375 0.02109375 0.0765625
0 0.665625 0.5359375 0.02265625 0.06796875