0 0.27890625 0.52578125 0.02265625 0.0609375
0 0.5578125 0.53671875 0.02265625 0.06328125
0 0.4375 0.54140625 0.0171875 0.06328125
0 0.484375 0.540625 0.02578125 0.0734375
0 0.70390625 0.57421875 0.03203125 0.0859375
0 0.89140625 0.5484375 0.0640625 0.04921875
0 0.028125 0.59921875 0.05625 0.096875
0 0.35625 0.540625 0.02890625 0.07421875
0 0.403125 0.54140625 0.02109375 0.0703125
0 0.6265625 0.53828125 0.02265625 0.06484375
0 0.52890625 0.5359375 0.02734375 0.0734375
0 0.665625 0.53828125 0.02109375 0.06328125
0 0.80546875 0.54296875 0.040625 0.06640625