0 0.1890625 0.5359375 0.02890625 0.07890625
0 0.39296875 0.57578125 0.1 0.09609375
0 0.55859375 0.53046875 0.021875 0.05390625
0 0.23359375 0.5375 0.02578125 0.0765625
0 0.11171875 0.54140625 0.03828125 0.07421875
0 0.290625 0.53046875 0.04140625 0.0859375
0 0.078125 0.5375 0.02578125 0.075
0 0.8375 0.54140625 0.0546875 0.06640625
0 0.4828125 0.53671875 0.02265625 0.07421875
0 0.5328125 0.53828125 0.02421875 0.05390625
0 0.66484375 0.5375 0.04453125 0.065625
0 0.440625 0.53828125 0.0203125 0.0640625
0 0.74609375 0.5203125 0.02890625 0.0390625