0 0.68671875 0.5390625 0.04140625 0.06015625
0 0.06953125 0.53046875 0.03984375 0.08046875
0 0.2328125 0.5375 0.025 0.0765625
0 0.18671875 0.53671875 0.02265625 0.0765625
0 0.94609375 0.56328125 0.065625 0.09140625
0 0.4828125 0.53671875 0.02265625 0.07421875
0 0.8359375 0.54375 0.05859375 0.06171875
0 0.28046875 0.53359375 0.02109375 0.0796875
0 0.40078125 0.584375 0.09921875 0.09453125
0 0.12734375 0.57421875 0.08125 0.1015625
0 0.3546875 0.534375 0.025 0.078125
0 0.55546875 0.53046875 0.02109375 0.0546875
0 0.73671875 0.5203125 0.03984375 0.0390625
0 0.440625 0.5359375 0.0203125 0.06015625
0 0.540625 0.5234375 0.01875 0.053125