0 0.1859375 0.5375 0.02265625 0.075
0 0.55546875 0.5296875 0.02109375 0.05390625
0 0.35859375 0.5359375 0.03203125 0.075
0 0.40546875 0.53125 0.02578125 0.08125
0 0.7265625 0.60546875 0.09296875 0.09296875
0 0.440625 0.53828125 0.01953125 0.06484375
0 0.0765625 0.52421875 0.02421875 0.071875
0 0.83671875 0.54296875 0.05703125 0.06484375
0 0.28046875 0.53359375 0.01953125 0.0796875
0 0.04453125 0.6234375 0.08828125 0.13828125
0 0.48203125 0.53671875 0.01953125 0.07109375
0 0.22890625 0.53671875 0.021875 0.078125
0 0.11640625 0.52890625 0.02265625 0.08515625
0 0.5203125 0.57109375 0.0796875 0.078125
0 0.68671875 0.5375 0.04140625 0.06171875