0 0.44140625 0.5390625 0.01953125 0.06484375
0 0.69140625 0.51796875 0.01953125 0.0453125
0 0.559375 0.53046875 0.02265625 0.05546875
0 0.6734375 0.5390625 0.04140625 0.05859375
0 0.2359375 0.53515625 0.03359375 0.0703125
0 0.3578125 0.53359375 0.03046875 0.08046875
0 0.07734375 0.5359375 0.0234375 0.07890625
0 0.27890625 0.528125 0.02109375 0.08984375
0 0.8359375 0.54296875 0.0578125 0.06484375
0 0.484375 0.5375 0.02578125 0.0734375
0 0.18984375 0.57890625 0.10078125 0.09609375
0 0.40390625 0.53671875 0.02109375 0.071875
0 0.1140625 0.53984375 0.0421875 0.078125
0 0.53203125 0.53671875 0.015625 0.053125
0 0.27734375 0.52890625 0.06640625 0.0890625
0 0.74140625 0.51953125 0.03984375 0.03984375