0 0.18984375 0.53984375 0.0234375 0.071875
0 0.55546875 0.525 0.025 0.04609375
0 0.66875 0.53828125 0.06328125 0.0640625
0 0.23203125 0.5375 0.02421875 0.0765625
0 0.3578125 0.5359375 0.03046875 0.07421875
0 0.403125 0.53671875 0.02265625 0.0703125
0 0.0296875 0.55390625 0.0296875 0.08046875
0 0.05234375 0.53125 0.021875 0.065625
0 0.834375 0.54375 0.0609375 0.06328125
0 0.090625 0.53125 0.01796875 0.06875
0 0.12734375 0.5359375 0.02109375 0.06953125
0 0.4828125 0.5375 0.02265625 0.0734375
0 0.440625 0.53828125 0.01953125 0.06484375
0 0.58515625 0.57578125 0.07734375 0.0734375
0 0.53984375 0.52421875 0.02109375 0.05390625
0 0.74140625 0.51875 0.03515625 0.03984375
0 0.2796875 0.53359375 0.02109375 0.0796875