0 0.35703125 0.534375 0.02890625 0.078125
0 0.121875 0.528125 0.0265625 0.08828125
0 0.66953125 0.53671875 0.05390625 0.06484375
0 0.23125 0.5375 0.02421875 0.0765625
0 0.403125 0.53125 0.02109375 0.08203125
0 0.540625 0.5234375 0.01953125 0.05390625
0 0.8421875 0.5421875 0.0453125 0.065625
0 0.4828125 0.5359375 0.02265625 0.0765625
0 0.08359375 0.5703125 0.06953125 0.1015625
0 0.184375 0.5375 0.0203125 0.075
0 0.74609375 0.51953125 0.028125 0.03828125
0 0.55390625 0.53046875 0.02421875 0.0546875
0 0.440625 0.5390625 0.02109375 0.06484375
0 0.28984375 0.528125 0.04296875 0.08984375
0 0.2796875 0.52890625 0.02265625 0.0890625