0 0.23515625 0.5375 0.02578125 0.0765625
0 0.40625 0.53671875 0.0265625 0.071875
0 0.83046875 0.5734375 0.07578125 0.08046875
0 0.10390625 0.55859375 0.02734375 0.08203125
0 0.7609375 0.59765625 0.09921875 0.103125
0 0.484375 0.53515625 0.02578125 0.078125
0 0.16328125 0.58203125 0.0765625 0.0953125
0 0.3546875 0.53671875 0.02734375 0.075
0 0.19140625 0.53359375 0.02265625 0.06640625
0 0.55390625 0.52890625 0.03515625 0.075
0 0.109375 0.55 0.03828125 0.1
0 0.85546875 0.5421875 0.02265625 0.05625
0 0.44140625 0.5375 0.02265625 0.06796875
0 0.6734375 0.53515625 0.05234375 0.0703125
0 0.2859375 0.534375 0.03203125 0.07890625