0 0.04375 0.53828125 0.040625 0.0796875
0 0.2296875 0.53671875 0.02578125 0.078125
0 0.35859375 0.534375 0.03203125 0.0765625
0 0.1859375 0.5359375 0.02109375 0.078125
0 0.40625 0.5359375 0.0265625 0.0734375
0 0.54140625 0.5234375 0.01953125 0.05625
0 0.83671875 0.53984375 0.05546875 0.0703125
0 0.4828125 0.5375 0.0234375 0.0734375
0 0.09609375 0.57734375 0.078125 0.0953125
0 0.6875 0.53828125 0.04140625 0.05859375
0 0.440625 0.53828125 0.0203125 0.06484375
0 0.63359375 0.58203125 0.09609375 0.10703125
0 0.55625 0.53046875 0.02109375 0.0546875
0 0.2796875 0.534375 0.02109375 0.0796875