0 0.44140625 0.54140625 0.01875 0.0640625
0 0.69765625 0.53359375 0.03125 0.071875
0 0.55859375 0.53203125 0.02109375 0.0734375
0 0.2 0.534375 0.02265625 0.0765625
0 0.83359375 0.54921875 0.05390625 0.06015625
0 0.2796875 0.5265625 0.025 0.06015625
0 0.484375 0.54140625 0.025 0.0703125
0 0.13515625 0.57421875 0.059375 0.09453125
0 0.4046875 0.5421875 0.02265625 0.06953125
0 0.35625 0.53984375 0.02890625 0.07578125
0 0.66484375 0.53671875 0.02109375 0.065625
0 0.24375 0.5375 0.025 0.07890625
0 0.303125 0.5171875 0.025 0.046875
0 0.89453125 0.54765625 0.05703125 0.05078125
0 0.6265625 0.53203125 0.02421875 0.0765625
0 0.528125 0.5328125 0.02734375 0.07890625