0 0.6984375 0.5265625 0.03046875 0.08515625
0 0.146875 0.56875 0.02734375 0.09140625
0 0.90078125 0.5515625 0.04296875 0.08828125
0 0.440625 0.54140625 0.021875 0.0640625
0 0.4046875 0.5375 0.02109375 0.07890625
0 0.2359375 0.54140625 0.0265625 0.07578125
0 0.8984375 0.565625 0.02265625 0.059375
0 0.16015625 0.56640625 0.05390625 0.09609375
0 0.55625 0.53203125 0.0265625 0.0734375
0 0.6265625 0.53125 0.02265625 0.07890625
0 0.53046875 0.53125 0.025 0.08359375
0 0.66640625 0.5359375 0.02265625 0.06640625
0 0.35625 0.53984375 0.02578125 0.07578125
0 0.29375 0.65625 0.178125 0.23203125