0 0.35546875 0.53515625 0.02578125 0.07578125
0 0.12734375 0.53515625 0.02109375 0.0703125
0 0.65859375 0.5390625 0.059375 0.06015625
0 0.08125 0.5375 0.0296875 0.0734375
0 0.403125 0.5359375 0.02109375 0.071875
0 0.5390625 0.5234375 0.02109375 0.0546875
0 0.0546875 0.53046875 0.0265625 0.07109375
0 0.9078125 0.54296875 0.05078125 0.06328125
0 0.484375 0.53671875 0.02421875 0.07421875
0 0.83671875 0.54296875 0.05546875 0.06484375
0 0.28046875 0.53359375 0.02109375 0.0796875
0 0.03046875 0.5484375 0.02734375 0.09453125
0 0.21328125 0.52578125 0.02890625 0.08125
0 0.18984375 0.5390625 0.0234375 0.07109375
0 0.2359375 0.5375 0.03203125 0.075
0 0.55546875 0.53046875 0.02109375 0.05546875
0 0.440625 0.53828125 0.01953125 0.0640625