0 0.41171875 0.571875 0.09140625 0.08359375
0 0.559375 0.534375 0.02421875 0.0640625
0 0.66875 0.53828125 0.05390625 0.0640625
0 0.4828125 0.53671875 0.02109375 0.075
0 0.18671875 0.5359375 0.02578125 0.0796875
0 0.28984375 0.53359375 0.03828125 0.07890625
0 0.1140625 0.540625 0.04140625 0.07578125
0 0.25859375 0.5265625 0.02578125 0.0640625
0 0.8359375 0.5390625 0.05859375 0.07109375
0 0.35625 0.53359375 0.02734375 0.08359375
0 0.234375 0.53828125 0.025 0.075
0 0.7453125 0.51953125 0.02734375 0.03828125
0 0.5390625 0.54140625 0.06171875 0.05390625