0 0.55546875 0.53046875 0.02734375 0.07578125
0 0.83359375 0.55078125 0.053125 0.05859375
0 0.18359375 0.55546875 0.021875 0.08359375
0 0.21953125 0.58125 0.05390625 0.09921875
0 0.50703125 0.5296875 0.02265625 0.05
0 0.44140625 0.540625 0.01953125 0.065625
0 0.4046875 0.54140625 0.01796875 0.0703125
0 0.2796875 0.52578125 0.0234375 0.06328125
0 0.3578125 0.54296875 0.03203125 0.071875
0 0.696875 0.5296875 0.0296875 0.0796875
0 0.24453125 0.53046875 0.02421875 0.0703125
0 0.8921875 0.546875 0.06015625 0.053125
0 0.6265625 0.53359375 0.02265625 0.07421875
0 0.48359375 0.540625 0.0234375 0.071875
0 0.5296875 0.53359375 0.0265625 0.078125
0 0.665625 0.53671875 0.0203125 0.065625