0 0.56171875 0.53125 0.02109375 0.06796875
0 0.5296875 0.53671875 0.02421875 0.0734375
0 0.665625 0.53828125 0.02109375 0.06484375
0 0.35546875 0.540625 0.02734375 0.071875
0 0.44140625 0.54140625 0.01875 0.06171875
0 0.8453125 0.584375 0.06328125 0.12890625
0 0.40078125 0.5328125 0.01484375 0.0859375
0 0.64609375 0.62734375 0.06171875 0.1140625
0 0.23671875 0.540625 0.0328125 0.0796875
0 0.27890625 0.5375 0.021875 0.07890625
0 0.696875 0.53671875 0.02890625 0.06484375
0 0.153125 0.56875 0.04765625 0.09453125
0 0.89921875 0.54609375 0.04921875 0.05546875
0 0.4828125 0.68828125 0.15234375 0.19296875
0 0.80390625 0.54296875 0.03671875 0.065625