0 0.64140625 0.54921875 0.03515625 0.07578125
0 0.6890625 0.51875 0.02265625 0.0390625
0 0.1921875 0.5390625 0.02421875 0.0734375
0 0.35546875 0.534375 0.02734375 0.07890625
0 0.40625 0.53671875 0.02578125 0.071875
0 0.89765625 0.565625 0.06328125 0.0640625
0 0.553125 0.5296875 0.03671875 0.07421875
0 0.85390625 0.54375 0.02265625 0.06328125
0 0.4796875 0.5765625 0.09296875 0.09296875
0 0.1125 0.5609375 0.02578125 0.0734375
0 0.21015625 0.528125 0.021875 0.08125
0 0.2796875 0.53359375 0.0203125 0.07890625
0 0.23515625 0.5375 0.02421875 0.0765625
0 0.28984375 0.53359375 0.03984375 0.0796875