0 0.44140625 0.5390625 0.01953125 0.0640625
0 0.18515625 0.53671875 0.0234375 0.0765625
0 0.5421875 0.52421875 0.01953125 0.05546875
0 0.35859375 0.534375 0.03203125 0.08125
0 0.81328125 0.53515625 0.04140625 0.06640625
0 0.10625 0.5390625 0.02578125 0.0765625
0 0.25859375 0.52578125 0.02734375 0.06484375
0 0.84375 0.54453125 0.04296875 0.0609375
0 0.48203125 0.53671875 0.021875 0.07421875
0 0.2796875 0.53359375 0.02109375 0.07890625
0 0.403125 0.53671875 0.02109375 0.0703125
0 0.74609375 0.5203125 0.02734375 0.0390625
0 0.1453125 0.53046875 0.01796875 0.06171875
0 0.6671875 0.53828125 0.04921875 0.06328125
0 0.575 0.5484375 0.05078125 0.0640625
0 0.71484375 0.521875 0.02421875 0.04453125
0 0.290625 0.53046875 0.04296875 0.0859375