3 0.88515625 0.44765625 0.0578125 0.10078125
3 0.278125 0.52109375 0.15703125 0.11640625
2 0.125 0.45625 0.03203125 0.09140625
3 0.16640625 0.52109375 0.075 0.153125
3 0.39453125 0.746875 0.37578125 0.3984375
1 0.703125 0.4984375 0.10703125 0.08671875
1 0.06015625 0.44921875 0.0203125 0.04375
1 0.59375 0.46796875 0.08203125 0.06328125
1 0.61875 0.5265625 0.10703125 0.10078125
1 0.09609375 0.4859375 0.03203125 0.0546875
1 0.75703125 0.453125 0.06796875 0.05703125
1 0.0796875 0.46640625 0.02734375 0.05390625
1 0.51328125 0.578125 0.12890625 0.1359375