2 0.15625 0.46953125 0.05234375 0.10390625
2 0.12421875 0.45546875 0.03203125 0.09296875
3 0.38046875 0.51171875 0.1328125 0.14453125
1 0.08828125 0.44453125 0.0265625 0.0390625
1 0.5125 0.57890625 0.13125 0.134375
1 0.8 0.5984375 0.07734375 0.121875
1 0.90078125 0.48984375 0.05390625 0.05390625
1 0.61953125 0.52578125 0.10625 0.10078125
1 0.80234375 0.45859375 0.04296875 0.053125
1 0.703125 0.4984375 0.10703125 0.08828125
1 0.86328125 0.4546875 0.04453125 0.05390625
1 0.59453125 0.46796875 0.08125 0.06328125
1 0.66328125 0.728125 0.16015625 0.16171875
1 0.75625 0.4515625 0.06796875 0.05703125
2 0.83203125 0.5265625 0.04765625 0.08671875