3 0.2859375 0.578125 0.17109375 0.22890625
3 0.19453125 0.62421875 0.175 0.27109375
3 0.89375 0.421875 0.02421875 0.0703125
3 0.39375 0.5078125 0.10703125 0.13828125
1 0.703125 0.49765625 0.10625 0.08828125
1 0.059375 0.45 0.01953125 0.04296875
1 0.59453125 0.465625 0.08125 0.059375
1 0.61875 0.52578125 0.10703125 0.1
1 0.0953125 0.4859375 0.03203125 0.0546875
1 0.75625 0.453125 0.06875 0.05703125
1 0.078125 0.46640625 0.02578125 0.0515625
1 0.5125 0.57890625 0.13046875 0.13515625
3 0.86796875 0.43203125 0.03203125 0.0890625