2 0.15625 0.46953125 0.05234375 0.1046875
2 0.125 0.45625 0.03203125 0.09140625
3 0.38125 0.5125 0.13046875 0.1453125
1 0.703125 0.4984375 0.10703125 0.08828125
1 0.8640625 0.4640625 0.05234375 0.05703125
1 0.08828125 0.44453125 0.0265625 0.03984375
1 0.59375 0.46796875 0.08046875 0.06328125
1 0.92421875 0.49921875 0.04609375 0.05078125
1 0.6171875 0.52578125 0.1015625 0.10078125
1 0.209375 0.46875 0.03203125 0.05859375
1 0.5125 0.57890625 0.13046875 0.13515625
1 0.75703125 0.45234375 0.06875 0.05859375