3 0.8 0.590625 0.11328125 0.203125
3 0.859375 0.48046875 0.0609375 0.109375
2 0.15546875 0.46953125 0.053125 0.1046875
2 0.12421875 0.45546875 0.03203125 0.090625
3 0.50078125 0.69140625 0.3 0.3015625
1 0.059375 0.45078125 0.01953125 0.04140625
1 0.59375 0.465625 0.08203125 0.059375
1 0.1015625 0.490625 0.03515625 0.05703125
1 0.75625 0.453125 0.06796875 0.05859375
1 0.078125 0.46640625 0.0265625 0.05390625
1 0.68125 0.4265625 0.04453125 0.04453125
1 0.70234375 0.49765625 0.10546875 0.08984375
1 0.61796875 0.52578125 0.10859375 0.10078125