3 0.28671875 0.584375 0.17109375 0.24140625
3 0.821875 0.55390625 0.08359375 0.1703125
3 0.19375 0.625 0.17421875 0.2703125
1 0.703125 0.49765625 0.10625 0.08828125
1 0.06015625 0.44921875 0.02109375 0.04296875
1 0.59453125 0.46796875 0.08046875 0.06328125
1 0.61875 0.52578125 0.10703125 0.10078125
1 0.0953125 0.4859375 0.03125 0.0546875
1 0.75625 0.45234375 0.06796875 0.05859375
1 0.07890625 0.465625 0.02734375 0.0546875
1 0.5125 0.57890625 0.13125 0.13515625
1 0.68203125 0.4265625 0.040625 0.04453125