3 0.2859375 0.584375 0.17109375 0.24140625
3 0.125 0.45390625 0.0328125 0.08671875
3 0.19453125 0.62421875 0.175 0.27109375
1 0.0265625 0.43828125 0.0140625 0.03359375
1 0.703125 0.4984375 0.10625 0.0890625
1 0.059375 0.44921875 0.01953125 0.04140625
1 0.59453125 0.46796875 0.08046875 0.06171875
1 0.071875 0.4296875 0.01484375 0.02421875
1 0.08984375 0.440625 0.02109375 0.0359375
1 0.61875 0.52578125 0.10703125 0.1
1 0.07734375 0.46640625 0.02421875 0.053125
1 0.75703125 0.453125 0.06796875 0.05625
1 0.5125 0.57890625 0.13203125 0.13515625
1 0.0953125 0.48515625 0.0328125 0.05390625
3 0.16640625 0.47421875 0.07421875 0.0609375