3 0.2859375 0.584375 0.171875 0.24140625
3 0.8359375 0.54375 0.08359375 0.15703125
3 0.19453125 0.625 0.17578125 0.2703125
3 0.86171875 0.4234375 0.0265625 0.06953125
3 0.3921875 0.509375 0.10703125 0.13515625
1 0.703125 0.49765625 0.10546875 0.0859375
1 0.06015625 0.44921875 0.0203125 0.04296875
1 0.59375 0.46796875 0.08125 0.0609375
1 0.61953125 0.52578125 0.10546875 0.1
1 0.09609375 0.4859375 0.0328125 0.05390625
1 0.75703125 0.45234375 0.06796875 0.05859375
1 0.07890625 0.46640625 0.02734375 0.0546875
1 0.5125 0.57890625 0.13046875 0.13515625