3 0.38046875 0.5125 0.13203125 0.146875
3 0.85 0.490625 0.0578125 0.10703125
3 0.95703125 0.47578125 0.07578125 0.08125
2 0.47421875 0.7171875 0.2125 0.21015625
2 0.15546875 0.46953125 0.05234375 0.10390625
2 0.125 0.45546875 0.03203125 0.090625
1 0.74453125 0.65546875 0.11640625 0.15390625
1 0.8171875 0.57421875 0.0578125 0.08828125
1 0.61875 0.52578125 0.10703125 0.1
1 0.23828125 0.61953125 0.0953125 0.13125
1 0.75703125 0.45234375 0.06796875 0.05859375
1 0.0875 0.44453125 0.02578125 0.03828125
1 0.59453125 0.46796875 0.08125 0.06328125
1 0.5125 0.575 0.13125 0.12578125
1 0.703125 0.4984375 0.10625 0.08828125