3 0.7703125 0.60703125 0.14375 0.25
3 0.2859375 0.584375 0.171875 0.24140625
3 0.19453125 0.62421875 0.17421875 0.27109375
3 0.39140625 0.50703125 0.10859375 0.13828125
1 0.70078125 0.49375 0.10234375 0.078125
1 0.078125 0.46640625 0.02421875 0.053125
1 0.59453125 0.46796875 0.08046875 0.06328125
1 0.61875 0.52578125 0.10703125 0.1
1 0.0953125 0.4859375 0.03203125 0.05390625
1 0.75625 0.45234375 0.0671875 0.05859375
1 0.059375 0.44921875 0.01953125 0.04296875
1 0.5125 0.57890625 0.13046875 0.13515625