3 0.2859375 0.58203125 0.17109375 0.23671875
3 0.2140625 0.64140625 0.18515625 0.2984375
3 0.39296875 0.50703125 0.10625 0.13671875
1 0.5125 0.57890625 0.13125 0.13515625
1 0.07890625 0.46640625 0.02578125 0.053125
1 0.59609375 0.46640625 0.07578125 0.059375
1 0.09609375 0.4859375 0.03203125 0.05390625
1 0.7578125 0.453125 0.07109375 0.05703125
1 0.059375 0.44921875 0.01875 0.04296875
1 0.703125 0.49765625 0.10703125 0.08828125
1 0.61953125 0.52578125 0.10625 0.1015625
3 0.86328125 0.44140625 0.03984375 0.0734375