2 0.23515625 0.64296875 0.14453125 0.34140625
2 0.078125 0.45546875 0.02890625 0.08046875
3 0.8734375 0.421875 0.02578125 0.05625
2 0.60625 0.4265625 0.078125 0.09375
3 0.38046875 0.5109375 0.1328125 0.1453125
3 0.16171875 0.4703125 0.0734375 0.059375
1 0.7578125 0.45390625 0.06953125 0.053125
1 0.5359375 0.5234375 0.140625 0.13359375
1 0.3375 0.603125 0.1203125 0.14921875
1 0.66484375 0.434375 0.05546875 0.05
1 0.5125 0.5796875 0.13046875 0.13359375
1 0.6203125 0.52578125 0.10390625 0.1
1 0.6859375 0.42421875 0.0359375 0.046875
1 0.80390625 0.42421875 0.03203125 0.0296875
2 0.134375 0.58671875 0.0703125 0.23671875