2 0.15546875 0.4703125 0.053125 0.10390625
2 0.1234375 0.45625 0.0359375 0.09140625
1 0.80625 0.421875 0.03515625 0.03515625
1 0.08828125 0.4453125 0.02578125 0.0390625
1 0.84609375 0.53046875 0.04296875 0.08359375
1 0.59453125 0.4671875 0.08125 0.06171875
1 0.890625 0.5046875 0.04609375 0.05546875
1 0.61953125 0.5234375 0.10625 0.09609375
1 0.56640625 0.59140625 0.13203125 0.146875
1 0.2 0.4625 0.04296875 0.053125
1 0.703125 0.4984375 0.10703125 0.0890625
1 0.75703125 0.453125 0.06796875 0.05625