3 0.28671875 0.58515625 0.171875 0.24296875
3 0.81796875 0.54453125 0.08515625 0.15078125
3 0.39765625 0.8578125 0.4234375 0.284375
3 0.19375 0.62421875 0.17421875 0.27109375
3 0.3921875 0.51328125 0.10703125 0.1484375
1 0.703125 0.49765625 0.10625 0.08828125
1 0.59375 0.46796875 0.08046875 0.06328125
1 0.61875 0.52578125 0.10703125 0.10078125
1 0.0953125 0.4859375 0.03203125 0.05390625
1 0.75703125 0.453125 0.06875 0.05859375
1 0.5125 0.578125 0.13046875 0.134375
1 0.68125 0.42578125 0.04453125 0.04296875