3 0.15625 0.46953125 0.05234375 0.1046875
3 0.125 0.45625 0.03046875 0.09140625
3 0.38046875 0.51171875 0.13359375 0.14609375
1 0.5125 0.57890625 0.13125 0.13515625
1 0.08828125 0.44375 0.02578125 0.04140625
1 0.9 0.4984375 0.05078125 0.0609375
1 0.61875 0.52578125 0.10703125 0.10078125
1 0.209375 0.46875 0.03203125 0.05625
1 0.80625 0.46171875 0.0484375 0.0546875
1 0.85234375 0.5203125 0.04609375 0.06640625
1 0.703125 0.49921875 0.10625 0.08671875
1 0.59453125 0.46796875 0.08046875 0.06328125
1 0.75625 0.45234375 0.06796875 0.05625
2 0.9484375 0.4984375 0.05078125 0.05703125