3 0.1375 0.459375 0.06640625 0.08984375
2 0.6375 0.45390625 0.09453125 0.06484375
1 0.06875 0.5 0.0265625 0.06328125
1 0.91953125 0.490625 0.05859375 0.05390625
1 0.18125 0.50546875 0.04765625 0.06953125
1 0.08828125 0.5359375 0.03984375 0.08515625
1 0.20703125 0.68359375 0.11328125 0.19375
1 0.1265625 0.5875 0.0671875 0.12890625
1 0.875 0.515625 0.03828125 0.0703125
1 0.51328125 0.534375 0.1265625 0.11640625
1 0.33515625 0.59921875 0.13046875 0.153125
1 0.23984375 0.54140625 0.07578125 0.11796875