3 0.86171875 0.421875 0.02734375 0.05703125
3 0.2859375 0.584375 0.17109375 0.24140625
3 0.8375 0.5515625 0.08359375 0.15546875
3 0.19375 0.62421875 0.17421875 0.2703125
1 0.0265625 0.43671875 0.0140625 0.03203125
1 0.703125 0.496875 0.10625 0.0859375
1 0.06015625 0.44921875 0.02109375 0.04296875
1 0.59375 0.46328125 0.08203125 0.05390625
1 0.61875 0.52578125 0.10703125 0.1
1 0.0953125 0.4859375 0.03125 0.053125
1 0.75703125 0.453125 0.06796875 0.05625
1 0.07890625 0.465625 0.02734375 0.05390625
1 0.5125 0.57890625 0.13046875 0.134375
1 0.07109375 0.42890625 0.01484375 0.0234375