3 0.85546875 0.50546875 0.0640625 0.1484375
3 0.12578125 0.45234375 0.06875 0.10078125
2 0.6375 0.45390625 0.09453125 0.06484375
1 0.47890625 0.528125 0.12421875 0.10859375
1 0.3359375 0.5984375 0.12890625 0.1546875
1 0.06875 0.50390625 0.02890625 0.06640625
1 0.67265625 0.55625 0.1234375 0.11796875
1 0.52890625 0.50546875 0.08046875 0.07890625
1 0.18125 0.50625 0.04921875 0.071875
1 0.08828125 0.5359375 0.04296875 0.0859375
1 0.23984375 0.5421875 0.07578125 0.11796875
1 0.12890625 0.5875 0.07265625 0.12890625