3 0.11171875 0.4234375 0.04140625 0.03828125
3 0.234375 0.49921875 0.08828125 0.11875
3 0.17109375 0.51171875 0.09296875 0.13984375
3 0.12109375 0.47890625 0.04921875 0.0953125
3 0.60703125 0.42734375 0.07578125 0.09375
3 0.0796875 0.45625 0.03046875 0.08203125
3 0.384375 0.5125 0.12578125 0.1359375
3 0.28515625 0.4890625 0.0578125 0.08828125
1 0.05078125 0.47890625 0.025 0.05703125
1 0.271875 0.63359375 0.12734375 0.16875
1 0.3390625 0.60390625 0.1171875 0.146875
1 0.75625 0.453125 0.0671875 0.05859375
1 0.1140625 0.56875 0.06015625 0.11484375
1 0.68984375 0.41640625 0.03203125 0.0453125
1 0.5125 0.57890625 0.13046875 0.134375
1 0.61875 0.52578125 0.10703125 0.10078125
1 0.1890625 0.6640625 0.09765625 0.17578125
1 0.65859375 0.43046875 0.065625 0.05546875
1 0.2796875 0.846875 0.134375 0.30546875