3 0.76953125 0.6234375 0.14765625 0.24609375
3 0.29609375 0.59140625 0.17578125 0.25078125
2 0.125 0.45625 0.03359375 0.09140625
3 0.17109375 0.521875 0.0828125 0.15703125
3 0.859375 0.42734375 0.03046875 0.096875
1 0.06015625 0.45078125 0.01953125 0.04140625
1 0.59453125 0.46796875 0.08046875 0.06328125
1 0.61875 0.52578125 0.10703125 0.1
1 0.0953125 0.4859375 0.0328125 0.05390625
1 0.75625 0.453125 0.06953125 0.05703125
1 0.078125 0.46640625 0.02578125 0.0515625
1 0.70234375 0.49375 0.1046875 0.078125
1 0.5140625 0.578125 0.1265625 0.134375