3 0.9 0.478125 0.06796875 0.09609375
2 0.15546875 0.46875 0.053125 0.103125
2 0.125 0.45625 0.03203125 0.09140625
3 0.8421875 0.5015625 0.05546875 0.1203125
3 0.38125 0.5109375 0.1296875 0.14375
1 0.08828125 0.44375 0.02578125 0.04140625
1 0.59375 0.46796875 0.08046875 0.06328125
1 0.7375 0.6625 0.12265625 0.15859375
1 0.8140625 0.58046875 0.0609375 0.09375
1 0.61953125 0.52578125 0.10546875 0.10078125
1 0.1890625 0.578125 0.075 0.10703125
1 0.75703125 0.453125 0.06796875 0.05703125
1 0.703125 0.4984375 0.10703125 0.08828125
1 0.5125 0.578125 0.13125 0.1359375
2 0.3 0.659375 0.15078125 0.17421875