3 0.38359375 0.50859375 0.12734375 0.13828125
2 0.078125 0.45546875 0.03125 0.08125
2 0.60625 0.4265625 0.07734375 0.09296875
3 0.503125 0.81171875 0.42109375 0.3765625
3 0.16640625 0.48203125 0.084375 0.08125
1 0.09453125 0.56328125 0.02890625 0.10703125
1 0.3375 0.60390625 0.12109375 0.1515625
1 0.8015625 0.5703125 0.08359375 0.11328125
1 0.75625 0.45390625 0.06953125 0.05625
1 0.6203125 0.52734375 0.10390625 0.096875
1 0.51171875 0.571875 0.13046875 0.12109375
2 0.13828125 0.6125 0.053125 0.153125
2 0.23984375 0.690625 0.14140625 0.24609375