2 0.15625 0.465625 0.05234375 0.1046875
2 0.12734375 0.45625 0.0328125 0.09140625
3 0.38515625 0.51015625 0.12421875 0.14296875
1 0.0875 0.4453125 0.02578125 0.0390625
1 0.59453125 0.46796875 0.08125 0.06328125
1 0.96328125 0.50078125 0.05546875 0.05703125
1 0.61875 0.52578125 0.10703125 0.10078125
1 0.8375 0.45546875 0.05546875 0.05625
1 0.89609375 0.5015625 0.0453125 0.0546875
1 0.703125 0.4984375 0.10625 0.08828125
1 0.51015625 0.57890625 0.1265625 0.13515625
1 0.75703125 0.45390625 0.06875 0.05703125