3 0.11875 0.47890625 0.05390625 0.09453125
3 0.17109375 0.52578125 0.09296875 0.16796875
2 0.60703125 0.4265625 0.07578125 0.09296875
3 0.38203125 0.5109375 0.12890625 0.134375
1 0.33984375 0.60390625 0.115625 0.14921875
1 0.271875 0.6328125 0.12421875 0.16796875
1 0.75625 0.453125 0.06796875 0.05703125
1 0.128125 0.5859375 0.07109375 0.1265625
1 0.5125 0.5796875 0.13046875 0.13359375
1 0.61875 0.5265625 0.10703125 0.10078125
1 0.659375 0.43125 0.06484375 0.05546875
1 0.225 0.76328125 0.18984375 0.31015625