3 0.90078125 0.478125 0.06640625 0.09609375
3 0.38125 0.5109375 0.13046875 0.14296875
2 0.15546875 0.46953125 0.05390625 0.10390625
2 0.125 0.45546875 0.03203125 0.09296875
3 0.8421875 0.5015625 0.05546875 0.11953125
2 0.475 0.71953125 0.21171875 0.20078125
1 0.0875 0.44375 0.02578125 0.04140625
1 0.7375 0.6625 0.12265625 0.15859375
1 0.815625 0.58046875 0.05859375 0.09375
1 0.61953125 0.52578125 0.10546875 0.10078125
1 0.23828125 0.61875 0.0953125 0.13046875
1 0.75625 0.453125 0.06796875 0.059375
1 0.703125 0.4984375 0.10625 0.0890625
1 0.59375 0.4625 0.08203125 0.053125
1 0.5125 0.575 0.13046875 0.128125