2 0.15546875 0.46953125 0.053125 0.1046875
2 0.125 0.45625 0.03359375 0.09140625
3 0.38828125 0.509375 0.1171875 0.14140625
1 0.5125 0.57890625 0.13046875 0.13515625
1 0.703125 0.49921875 0.10703125 0.08671875
1 0.85625 0.46171875 0.05546875 0.05625
1 0.0875 0.44453125 0.02578125 0.0390625
1 0.59453125 0.46796875 0.08125 0.06328125
1 0.97109375 0.50078125 0.04296875 0.05390625
1 0.61875 0.52578125 0.10703125 0.10078125
1 0.209375 0.46875 0.03046875 0.05625
1 0.9015625 0.50078125 0.04765625 0.0546875
1 0.75703125 0.45390625 0.06875 0.05703125