2 0.12421875 0.4546875 0.0328125 0.090625
3 0.83984375 0.503125 0.05546875 0.12109375
2 0.15625 0.46953125 0.05234375 0.10390625
3 0.896875 0.47734375 0.0671875 0.09921875
3 0.38046875 0.50859375 0.13203125 0.13671875
1 0.8109375 0.5890625 0.0640625 0.096875
1 0.59453125 0.46796875 0.08125 0.06328125
1 0.75625 0.45234375 0.06796875 0.05859375
1 0.08828125 0.44296875 0.02421875 0.04375
1 0.06953125 0.46875 0.02421875 0.04609375
1 0.61875 0.52578125 0.10703125 0.1015625
1 0.5125 0.57890625 0.13125 0.13515625
1 0.6625 0.728125 0.19921875 0.18984375
1 0.703125 0.4984375 0.10625 0.08671875
2 0.10625 0.50078125 0.0421875 0.0765625