3 0.85546875 0.5046875 0.0640625 0.15
3 0.125 0.45234375 0.06796875 0.10078125
2 0.63828125 0.45390625 0.09375 0.065625
2 0.66171875 0.53359375 0.14296875 0.08359375
1 0.0703125 0.50078125 0.02890625 0.06171875
1 0.18203125 0.50546875 0.04765625 0.0703125
1 0.240625 0.54296875 0.07421875 0.1203125
1 0.12890625 0.58671875 0.07265625 0.128125
1 0.0859375 0.53671875 0.04453125 0.090625
1 0.33515625 0.6015625 0.13046875 0.15078125
1 0.48125 0.53203125 0.11796875 0.1046875
2 0.725 0.68125 0.1453125 0.221875