3 0.125 0.45625 0.0328125 0.090625
1 0.44609375 0.54921875 0.11640625 0.11171875
1 0.0875 0.44453125 0.02578125 0.03984375
1 0.77734375 0.61640625 0.14140625 0.12578125
1 0.85703125 0.55390625 0.046875 0.0796875
1 0.61953125 0.52578125 0.10625 0.10078125
1 0.25 0.48046875 0.0484375 0.0609375
1 0.75703125 0.45234375 0.06875 0.05859375
1 0.703125 0.4984375 0.10703125 0.08671875
1 0.59375 0.46796875 0.08046875 0.06328125
1 0.80546875 0.4234375 0.03359375 0.03359375
3 0.15546875 0.46953125 0.053125 0.10390625