2 0.91015625 0.478125 0.05390625 0.09296875
2 0.15625 0.46953125 0.05390625 0.10390625
2 0.1234375 0.45625 0.03515625 0.09140625
2 0.41328125 0.48359375 0.075 0.128125
1 0.25703125 0.45703125 0.05 0.05
1 0.08828125 0.44453125 0.02578125 0.03984375
1 0.86015625 0.5359375 0.046875 0.08125
1 0.59453125 0.46796875 0.08125 0.06328125
1 0.62109375 0.5140625 0.10703125 0.078125
1 0.703125 0.4984375 0.10625 0.0890625
1 0.4921875 0.565625 0.12890625 0.121875
1 0.7140625 0.5984375 0.13671875 0.1109375
1 0.75703125 0.453125 0.06796875 0.05703125