3 0.74765625 0.63515625 0.15 0.240625
3 0.26796875 0.87578125 0.41953125 0.2484375
3 0.28671875 0.584375 0.171875 0.24140625
2 0.12421875 0.453125 0.034375 0.0859375
3 0.19375 0.62421875 0.17421875 0.27109375
2 0.6078125 0.42421875 0.07734375 0.090625
3 0.89921875 0.48828125 0.07421875 0.0890625
1 0.703125 0.4984375 0.10546875 0.08671875
1 0.06015625 0.44921875 0.0203125 0.04140625
1 0.59375 0.46796875 0.08046875 0.06328125
1 0.61875 0.52578125 0.10703125 0.10078125
1 0.09609375 0.4859375 0.03203125 0.053125
1 0.75625 0.453125 0.06953125 0.059375
1 0.0796875 0.465625 0.028125 0.0546875
1 0.5125 0.578125 0.13203125 0.134375
1 0.68125 0.4265625 0.04453125 0.04140625