3 0.8546875 0.5046875 0.0640625 0.1515625
3 0.12578125 0.45234375 0.06796875 0.10078125
2 0.63828125 0.45390625 0.09453125 0.065625
1 0.06953125 0.5046875 0.02890625 0.06875
1 0.66328125 0.54609375 0.11953125 0.11015625
1 0.18125 0.50625 0.0484375 0.07109375
1 0.0875 0.534375 0.04375 0.0859375
1 0.1296875 0.58671875 0.07265625 0.128125
1 0.240625 0.5421875 0.07578125 0.11953125
1 0.33515625 0.59765625 0.13046875 0.15859375
1 0.48515625 0.53046875 0.128125 0.10625
1 0.5765625 0.8015625 0.2203125 0.2703125