3 0.8546875 0.50546875 0.06328125 0.15
3 0.134375 0.45859375 0.05078125 0.08984375
3 0.1078125 0.440625 0.03359375 0.078125
2 0.63828125 0.45390625 0.0953125 0.06484375
1 0.06953125 0.5015625 0.028125 0.06484375
1 0.0875 0.53515625 0.04375 0.08671875
1 0.471875 0.8625 0.26953125 0.275
1 0.1296875 0.58671875 0.07265625 0.1265625
1 0.3359375 0.59921875 0.1296875 0.1546875
1 0.18125 0.50625 0.04921875 0.06953125
1 0.56015625 0.496875 0.0453125 0.05625
1 0.4796875 0.52578125 0.121875 0.10546875
1 0.23984375 0.5421875 0.07578125 0.11953125