3 0.86171875 0.428125 0.02578125 0.05703125
3 0.7625 0.62109375 0.16796875 0.27578125
3 0.2859375 0.58515625 0.171875 0.24296875
3 0.19453125 0.625 0.17421875 0.2703125
3 0.3921875 0.515625 0.11015625 0.15625
1 0.7015625 0.49375 0.103125 0.07890625
1 0.06015625 0.44921875 0.0203125 0.04375
1 0.59453125 0.46328125 0.08125 0.0546875
1 0.61953125 0.5265625 0.10546875 0.10078125
1 0.0953125 0.48515625 0.03203125 0.05390625
1 0.75625 0.453125 0.0671875 0.05703125
1 0.0796875 0.465625 0.02890625 0.05546875
1 0.5125 0.57890625 0.13046875 0.134375