3 0.2859375 0.584375 0.17109375 0.24140625
3 0.878125 0.453125 0.04921875 0.08125
3 0.19453125 0.62421875 0.175 0.27109375
3 0.12421875 0.45390625 0.03359375 0.08671875
3 0.165625 0.47421875 0.0734375 0.0609375
3 0.3921875 0.50703125 0.10859375 0.13671875
1 0.703125 0.49765625 0.10625 0.08828125
1 0.07890625 0.46640625 0.02734375 0.053125
1 0.59375 0.46328125 0.08046875 0.0546875
1 0.0703125 0.42890625 0.0171875 0.0234375
1 0.08984375 0.4390625 0.02109375 0.0359375
1 0.02734375 0.4375 0.0140625 0.034375
1 0.61953125 0.52578125 0.10625 0.1
1 0.09609375 0.4859375 0.03359375 0.053125
1 0.75703125 0.4515625 0.06796875 0.059375
1 0.059375 0.44921875 0.01953125 0.04140625
1 0.5125 0.57890625 0.13046875 0.13515625