2 0.23515625 0.70703125 0.14375 0.2171875
3 0.86484375 0.43984375 0.03203125 0.071875
2 0.60625 0.4265625 0.07890625 0.09140625
3 0.38125 0.50859375 0.13046875 0.13984375
2 0.13203125 0.61953125 0.06640625 0.1390625
1 0.5359375 0.5234375 0.140625 0.13359375
1 0.3375 0.6046875 0.1203125 0.15
1 0.75703125 0.4546875 0.06953125 0.05390625
1 0.66484375 0.4328125 0.0546875 0.053125
1 0.5125 0.57890625 0.13203125 0.134375
1 0.0953125 0.5640625 0.03046875 0.10546875
1 0.6203125 0.52578125 0.10390625 0.1