2 0.15625 0.46953125 0.05234375 0.1046875
2 0.125 0.45625 0.03203125 0.090625
3 0.38125 0.5109375 0.13046875 0.14453125
1 0.51171875 0.57890625 0.1296875 0.13515625
1 0.0875 0.44453125 0.02578125 0.03984375
1 0.82734375 0.47734375 0.04609375 0.06015625
1 0.95625 0.49921875 0.05390625 0.05625
1 0.61875 0.52578125 0.10625 0.10078125
1 0.21015625 0.46875 0.03203125 0.05703125
1 0.89609375 0.5015625 0.04453125 0.0546875
1 0.703125 0.49921875 0.10625 0.08671875
1 0.59453125 0.4671875 0.08046875 0.06171875
1 0.75703125 0.453125 0.06796875 0.05625