2 0.60625 0.4265625 0.078125 0.09375
3 0.38359375 0.50859375 0.12578125 0.1390625
3 0.50546875 0.809375 0.4203125 0.3765625
1 0.3375 0.60390625 0.1203125 0.15078125
1 0.5359375 0.521875 0.13984375 0.1296875
1 0.09375 0.56328125 0.028125 0.10703125
1 0.86484375 0.4875 0.04453125 0.07109375
1 0.75703125 0.4546875 0.0671875 0.05390625
1 0.6203125 0.5265625 0.10390625 0.10078125
1 0.51171875 0.56953125 0.12890625 0.115625
1 0.66484375 0.4328125 0.05546875 0.05078125
2 0.24140625 0.71484375 0.15703125 0.21484375
2 0.1421875 0.62421875 0.07890625 0.1453125