2 0.0875 0.46171875 0.0296875 0.08515625
2 0.234375 0.51796875 0.0890625 0.15703125
3 0.171875 0.52890625 0.09453125 0.17421875
3 0.11953125 0.490625 0.046875 0.115625
2 0.60625 0.42578125 0.07890625 0.09453125
3 0.3890625 0.5078125 0.11640625 0.13984375
1 0.3375 0.603125 0.12109375 0.15078125
1 0.1703125 0.90546875 0.240625 0.1890625
1 0.75703125 0.453125 0.06875 0.05859375
1 0.0625 0.4890625 0.02578125 0.06875
1 0.51171875 0.57890625 0.12890625 0.13515625
1 0.61875 0.5265625 0.10703125 0.09921875