2 0.15625 0.46953125 0.05234375 0.1046875
2 0.125 0.45625 0.03203125 0.09140625
3 0.38125 0.51171875 0.1296875 0.14375
1 0.0875 0.44453125 0.02578125 0.03984375
1 0.69921875 0.75078125 0.1421875 0.209375
1 0.95625 0.49921875 0.05234375 0.05625
1 0.61875 0.52578125 0.10703125 0.10078125
1 0.89609375 0.5015625 0.0453125 0.0546875
1 0.2109375 0.46875 0.03359375 0.05625
1 0.8109375 0.44765625 0.0578125 0.053125
1 0.703125 0.49921875 0.10625 0.08671875
1 0.59453125 0.46796875 0.08125 0.06328125
1 0.51171875 0.57890625 0.12890625 0.134375
1 0.75703125 0.453125 0.06953125 0.05703125