2 0.15625 0.4703125 0.05390625 0.10390625
2 0.60703125 0.42421875 0.07734375 0.08984375
2 0.125 0.45625 0.03046875 0.09140625
3 0.38046875 0.51171875 0.13125 0.14375
1 0.0875 0.44453125 0.02578125 0.040625
1 0.5125 0.57890625 0.13203125 0.13515625
1 0.87109375 0.509375 0.04609375 0.0703125
1 0.61875 0.52578125 0.10703125 0.10078125
1 0.80078125 0.46015625 0.0421875 0.05390625
1 0.95546875 0.49296875 0.05234375 0.059375
1 0.8296875 0.54375 0.046875 0.07890625
1 0.703125 0.4984375 0.10703125 0.08828125
1 0.59453125 0.46796875 0.08046875 0.06328125
1 0.75703125 0.453125 0.06796875 0.05546875
2 0.91015625 0.49453125 0.04375 0.05859375