3 0.12578125 0.45234375 0.06796875 0.09921875
2 0.63671875 0.4546875 0.09296875 0.06484375
1 0.9046875 0.49453125 0.0578125 0.05625
1 0.334375 0.6 0.13203125 0.1515625
1 0.71875 0.665625 0.13515625 0.18515625
1 0.18125 0.50390625 0.04765625 0.06640625
1 0.06875 0.49921875 0.0265625 0.0609375
1 0.20703125 0.68203125 0.11484375 0.190625
1 0.12734375 0.58671875 0.06796875 0.1265625
1 0.0859375 0.53671875 0.03828125 0.0859375
1 0.51328125 0.5359375 0.1265625 0.115625
1 0.240625 0.540625 0.07734375 0.11484375
1 0.83359375 0.52734375 0.05390625 0.096875