2 0.23515625 0.71328125 0.14296875 0.20390625
3 0.80703125 0.5546875 0.10625 0.21328125
2 0.1328125 0.62109375 0.0640625 0.13359375
2 0.07890625 0.45625 0.03203125 0.08203125
2 0.60625 0.4265625 0.07890625 0.09375
3 0.45703125 0.8375 0.38984375 0.325
3 0.165625 0.4734375 0.08203125 0.0640625
1 0.5359375 0.5234375 0.13984375 0.13125
1 0.3375 0.6046875 0.1203125 0.15
1 0.0953125 0.56328125 0.03046875 0.10703125
1 0.75859375 0.453125 0.075 0.053125
1 0.62109375 0.5265625 0.10390625 0.0984375
1 0.5125 0.57890625 0.13046875 0.134375