2 0.415625 0.4828125 0.0703125 0.1265625
2 0.15546875 0.46953125 0.05390625 0.1046875
2 0.12421875 0.45625 0.03359375 0.090625
1 0.5078125 0.56328125 0.128125 0.12421875
1 0.703125 0.4984375 0.10625 0.08671875
1 0.75703125 0.453125 0.06875 0.05703125
1 0.0875 0.44453125 0.02578125 0.040625
1 0.8375 0.5734375 0.06484375 0.103125
1 0.59453125 0.4671875 0.08125 0.06171875
1 0.86484375 0.5234375 0.03359375 0.06640625
1 0.61953125 0.5234375 0.10625 0.09609375
1 0.26953125 0.48671875 0.05625 0.06796875
1 0.19375 0.45390625 0.03359375 0.0515625