3 0.9109375 0.45625 0.0984375 0.12578125
3 0.2578125 0.5765625 0.14140625 0.21875
2 0.12421875 0.45546875 0.03359375 0.09296875
3 0.8359375 0.50625 0.06015625 0.134375
3 0.5625 0.70078125 0.3421875 0.32109375
2 0.15625 0.46953125 0.05546875 0.1046875
1 0.06015625 0.45 0.01875 0.040625
1 0.59453125 0.46640625 0.08125 0.06328125
1 0.07734375 0.465625 0.0234375 0.05546875
1 0.75625 0.45234375 0.06875 0.05859375
1 0.703125 0.4984375 0.10625 0.0890625
1 0.61953125 0.5234375 0.10625 0.096875
1 0.0953125 0.4859375 0.0328125 0.0546875