3 0.8421875 0.5015625 0.05546875 0.11953125
3 0.38125 0.51171875 0.13046875 0.14609375
3 0.90078125 0.4765625 0.06796875 0.0953125
2 0.15546875 0.46953125 0.053125 0.1046875
2 0.125 0.45546875 0.03203125 0.09296875
2 0.47578125 0.71640625 0.2125 0.20859375
1 0.6796875 0.428125 0.04140625 0.04140625
1 0.73984375 0.66015625 0.11953125 0.15546875
1 0.815625 0.5796875 0.05859375 0.09296875
1 0.61875 0.52578125 0.10859375 0.1
1 0.23828125 0.61875 0.0953125 0.13046875
1 0.75625 0.45234375 0.06796875 0.05859375
1 0.703125 0.49765625 0.10625 0.08828125
1 0.0875 0.44375 0.02578125 0.03984375
1 0.59375 0.46640625 0.08203125 0.06015625
1 0.5125 0.57421875 0.13125 0.1265625