3 0.17109375 0.52578125 0.09296875 0.16875
3 0.121875 0.48046875 0.0484375 0.096875
2 0.6078125 0.4265625 0.07578125 0.09296875
2 0.08125 0.45 0.03359375 0.0703125
3 0.38203125 0.51171875 0.13046875 0.13515625
1 0.04921875 0.478125 0.02890625 0.05859375
1 0.340625 0.60390625 0.11484375 0.1484375
1 0.27265625 0.63046875 0.12734375 0.16328125
1 0.75625 0.453125 0.06953125 0.05625
1 0.08515625 0.5296875 0.04375 0.0890625
1 0.5125 0.57890625 0.13046875 0.134375
1 0.61953125 0.52578125 0.10546875 0.1015625
1 0.13984375 0.60390625 0.07265625 0.140625
1 0.66015625 0.43125 0.06484375 0.05625
1 0.24609375 0.71953125 0.14765625 0.21875