3 0.853125 0.4734375 0.04296875 0.1265625
3 0.79375 0.59609375 0.10546875 0.21328125
2 0.60625 0.4265625 0.07890625 0.09375
1 0.66484375 0.43359375 0.05625 0.05
1 0.53515625 0.52265625 0.140625 0.13203125
1 0.68515625 0.425 0.03828125 0.04453125
1 0.3375 0.60390625 0.1203125 0.14921875
1 0.5125 0.57890625 0.1296875 0.13359375
1 0.75703125 0.45390625 0.06953125 0.0546875
1 0.62109375 0.5265625 0.103125 0.09921875
1 0.0953125 0.56328125 0.03203125 0.10859375
2 0.23515625 0.7046875 0.1421875 0.22109375
2 0.13984375 0.61796875 0.07890625 0.1515625