3 0.2859375 0.584375 0.171875 0.24140625
3 0.19453125 0.62421875 0.17421875 0.26953125
3 0.3921875 0.515625 0.109375 0.15546875
1 0.5125 0.57890625 0.13046875 0.13515625
1 0.59375 0.46328125 0.08046875 0.0546875
1 0.0953125 0.4859375 0.03203125 0.05390625
1 0.75703125 0.453125 0.0671875 0.05703125
1 0.078125 0.46484375 0.025 0.05546875
1 0.059375 0.44921875 0.01875 0.04140625
1 0.70234375 0.49609375 0.10390625 0.08203125
1 0.61953125 0.52578125 0.10625 0.10078125
3 0.86171875 0.4375 0.02578125 0.08046875