2 0.07890625 0.45546875 0.0296875 0.08125
2 0.234375 0.4984375 0.08671875 0.11875
3 0.17109375 0.52421875 0.09296875 0.16484375
3 0.12109375 0.48125 0.04921875 0.09921875
2 0.60703125 0.4265625 0.07578125 0.09296875
3 0.38203125 0.51171875 0.1296875 0.1359375
1 0.61875 0.52578125 0.10859375 0.1
1 0.33984375 0.60390625 0.11640625 0.1484375
1 0.75625 0.45234375 0.06796875 0.05859375
1 0.13203125 0.5953125 0.06796875 0.13125
1 0.27265625 0.6359375 0.128125 0.171875
1 0.68984375 0.41484375 0.03359375 0.05
1 0.5125 0.58046875 0.13046875 0.13203125
1 0.6609375 0.43203125 0.06171875 0.0546875