2 0.15546875 0.46953125 0.053125 0.1046875
2 0.125 0.45625 0.03203125 0.09140625
2 0.415625 0.4828125 0.08203125 0.12890625
1 0.08828125 0.44609375 0.02578125 0.03828125
1 0.8328125 0.5640625 0.06953125 0.09140625
1 0.8875 0.5109375 0.0484375 0.065625
1 0.61953125 0.51640625 0.10546875 0.08359375
1 0.703125 0.49765625 0.10625 0.08828125
1 0.59375 0.46796875 0.08125 0.06328125
1 0.6640625 0.6015625 0.140625 0.128125
1 0.75703125 0.453125 0.06796875 0.05859375
2 0.94375 0.48046875 0.06171875 0.090625