3 0.10703125 0.4390625 0.03359375 0.075
3 0.1359375 0.45859375 0.06484375 0.08828125
2 0.63828125 0.45390625 0.096875 0.065625
1 0.33515625 0.6 0.13046875 0.1515625
1 0.06953125 0.49921875 0.028125 0.06171875
1 0.725 0.64296875 0.1234375 0.146875
1 0.8375 0.68359375 0.09609375 0.1546875
1 0.0875 0.53671875 0.03828125 0.0859375
1 0.1265625 0.58671875 0.0671875 0.128125
1 0.18125 0.50546875 0.04765625 0.0703125
1 0.51328125 0.5359375 0.12734375 0.11796875
1 0.240625 0.54140625 0.07578125 0.11640625
1 0.20625 0.68359375 0.11484375 0.19375