3 0.83671875 0.5078125 0.05703125 0.125
3 0.8953125 0.47734375 0.0640625 0.0953125
2 0.15625 0.4671875 0.05390625 0.09921875
2 0.12421875 0.45546875 0.03359375 0.08984375
1 0.20859375 0.46875 0.03359375 0.05703125
1 0.5984375 0.459375 0.07265625 0.0484375
1 0.47109375 0.7546875 0.18984375 0.190625
1 0.19453125 0.5765625 0.0859375 0.13046875
1 0.75625 0.45234375 0.0671875 0.05859375
1 0.0875 0.44453125 0.02421875 0.040625
1 0.0609375 0.44921875 0.02109375 0.04296875
1 0.61953125 0.52578125 0.10546875 0.1
1 0.703125 0.4984375 0.10625 0.08671875
1 0.515625 0.578125 0.12578125 0.134375