3 0.86953125 0.48203125 0.08671875 0.096875
3 0.1359375 0.45859375 0.06484375 0.0890625
2 0.63828125 0.45390625 0.0953125 0.065625
1 0.33515625 0.6 0.12890625 0.1515625
1 0.06875 0.5 0.0265625 0.06328125
1 0.78984375 0.63359375 0.08671875 0.1359375
1 0.18125 0.50546875 0.04765625 0.06953125
1 0.08671875 0.5359375 0.03984375 0.08515625
1 0.51328125 0.5359375 0.12578125 0.11796875
1 0.1265625 0.58828125 0.06796875 0.128125
1 0.240625 0.54140625 0.07578125 0.11640625
1 0.20703125 0.68359375 0.11484375 0.19375