3 0.69140625 0.7265625 0.221875 0.3296875
3 0.2859375 0.584375 0.17109375 0.24140625
3 0.19453125 0.62421875 0.175 0.27109375
3 0.39296875 0.5078125 0.10625 0.13828125
1 0.703125 0.496875 0.10703125 0.08671875
1 0.06015625 0.45 0.01953125 0.040625
1 0.59453125 0.46796875 0.0796875 0.06171875
1 0.61953125 0.52578125 0.10703125 0.10078125
1 0.0953125 0.4859375 0.03125 0.0546875
1 0.75625 0.453125 0.06796875 0.05703125
1 0.07890625 0.465625 0.02734375 0.05390625
1 0.5125 0.57890625 0.13125 0.13515625
1 0.68046875 0.42578125 0.04296875 0.04296875