3 0.8421875 0.50078125 0.05703125 0.11875
2 0.15546875 0.46953125 0.0515625 0.10546875
2 0.12421875 0.45625 0.03203125 0.09140625
3 0.9015625 0.47578125 0.06796875 0.09453125
2 0.475 0.72109375 0.21171875 0.19921875
1 0.74375 0.65625 0.1171875 0.15390625
1 0.815625 0.5796875 0.05859375 0.09296875
1 0.61875 0.52578125 0.10703125 0.10078125
1 0.23828125 0.61953125 0.0953125 0.13125
1 0.75703125 0.453125 0.06875 0.05703125
1 0.703125 0.4984375 0.10625 0.08828125
1 0.0875 0.44375 0.02578125 0.04140625
1 0.59375 0.4671875 0.08125 0.06171875
1 0.5125 0.575 0.13046875 0.128125