2 0.88125 0.4890625 0.046875 0.10625
2 0.15625 0.46953125 0.05234375 0.1046875
2 0.6078125 0.4234375 0.07578125 0.08828125
2 0.125 0.45546875 0.03203125 0.09296875
1 0.79921875 0.58671875 0.11328125 0.10625
1 0.08828125 0.4453125 0.02578125 0.0390625
1 0.3765625 0.53203125 0.09921875 0.09375
1 0.59375 0.46796875 0.08203125 0.06328125
1 0.94296875 0.4953125 0.04453125 0.05546875
1 0.51875 0.57578125 0.13828125 0.1203125
1 0.703125 0.4984375 0.10625 0.08671875
1 0.61953125 0.52265625 0.10546875 0.09375
1 0.75703125 0.453125 0.06875 0.05703125