3 0.55859375 0.79609375 0.36796875 0.40390625
2 0.60703125 0.42578125 0.078125 0.09296875
3 0.38359375 0.50859375 0.12734375 0.13984375
1 0.33671875 0.60390625 0.12265625 0.1515625
1 0.81953125 0.45859375 0.059375 0.05859375
1 0.75546875 0.4546875 0.06953125 0.05390625
1 0.62109375 0.5265625 0.103125 0.0984375
1 0.5125 0.5796875 0.13046875 0.13359375
1 0.0953125 0.56328125 0.02890625 0.10703125
1 0.66484375 0.43125 0.05703125 0.05390625
2 0.2390625 0.71875 0.14765625 0.22265625
2 0.1453125 0.62109375 0.065625 0.1296875