3 0.15625 0.46953125 0.05390625 0.10390625
3 0.125 0.45625 0.0328125 0.09140625
3 0.38125 0.51171875 0.13046875 0.14375
1 0.0875 0.44453125 0.02578125 0.03984375
1 0.8328125 0.534375 0.04140625 0.084375
1 0.61875 0.52578125 0.10703125 0.10078125
1 0.89609375 0.5015625 0.0453125 0.0546875
1 0.21015625 0.46875 0.03359375 0.05625
1 0.75625 0.453125 0.06953125 0.05703125
1 0.95625 0.49921875 0.05234375 0.05859375
1 0.703125 0.49921875 0.10625 0.08671875
1 0.59453125 0.46796875 0.08125 0.06328125
1 0.51171875 0.57890625 0.12890625 0.134375
1 0.796875 0.44453125 0.0359375 0.04296875