2 0.15625 0.47421875 0.053125 0.1046875
2 0.60703125 0.425 0.078125 0.090625
2 0.125 0.45625 0.03203125 0.09140625
3 0.38125 0.51171875 0.13125 0.14375
1 0.0875 0.44453125 0.02578125 0.040625
1 0.5125 0.57890625 0.13203125 0.13515625
1 0.87109375 0.509375 0.04609375 0.07109375
1 0.61875 0.52578125 0.10703125 0.10078125
1 0.8046875 0.4609375 0.04921875 0.0546875
1 0.959375 0.49375 0.05390625 0.0609375
1 0.83046875 0.5421875 0.046875 0.0765625
1 0.703125 0.4984375 0.10703125 0.08828125
1 0.59453125 0.46796875 0.08046875 0.06328125
1 0.75625 0.453125 0.0671875 0.0546875
2 0.90859375 0.49453125 0.05078125 0.059375