2 0.8625 0.50859375 0.04765625 0.12578125
2 0.15546875 0.46953125 0.05234375 0.10390625
2 0.125 0.45546875 0.03203125 0.08984375
2 0.6078125 0.4234375 0.0765625 0.08828125
2 0.41640625 0.4625 0.06953125 0.0859375
1 0.44921875 0.55703125 0.115625 0.1109375
1 0.08828125 0.44453125 0.02578125 0.040625
1 0.59453125 0.46796875 0.08125 0.06328125
1 0.7015625 0.59140625 0.13984375 0.115625
1 0.9109375 0.49296875 0.05234375 0.05703125
1 0.32421875 0.5046875 0.08515625 0.07421875
1 0.75625 0.453125 0.06796875 0.05859375
1 0.61953125 0.51640625 0.10390625 0.08203125
1 0.703125 0.4984375 0.10703125 0.08828125