3 0.840625 0.50390625 0.05546875 0.1234375
3 0.89765625 0.47890625 0.065625 0.0984375
2 0.15546875 0.46953125 0.05234375 0.1046875
2 0.125 0.45546875 0.03203125 0.09296875
1 0.703125 0.4984375 0.10625 0.08828125
1 0.59453125 0.46640625 0.08125 0.0609375
1 0.6984375 0.71640625 0.14921875 0.15703125
1 0.2765625 0.64609375 0.134375 0.1796875
1 0.75625 0.453125 0.06875 0.05703125
1 0.0875 0.44375 0.02578125 0.04296875
1 0.06171875 0.45 0.021875 0.04453125
1 0.61875 0.52578125 0.10703125 0.1015625
1 0.51328125 0.57890625 0.13046875 0.134375