3 0.259375 0.8390625 0.42265625 0.31796875
3 0.128125 0.45390625 0.0734375 0.103125
2 0.6375 0.45390625 0.09375 0.065625
1 0.06953125 0.49921875 0.02890625 0.06171875
1 0.8921875 0.49375 0.06796875 0.0546875
1 0.18125 0.50234375 0.04765625 0.0640625
1 0.20703125 0.68046875 0.1125 0.1859375
1 0.12578125 0.58515625 0.06796875 0.12421875
1 0.51328125 0.53203125 0.12734375 0.1140625
1 0.33515625 0.5984375 0.1390625 0.146875
1 0.23984375 0.5375 0.0765625 0.10859375
1 0.79140625 0.56875 0.08671875 0.17421875