3 0.85390625 0.51171875 0.0625 0.13828125
3 0.1359375 0.45859375 0.0484375 0.08828125
3 0.10703125 0.44609375 0.03359375 0.08828125
3 0.56953125 0.51796875 0.09296875 0.08828125
2 0.67109375 0.73125 0.1875 0.2390625
2 0.63828125 0.45390625 0.09453125 0.06484375
1 0.06875 0.503125 0.02890625 0.06640625
1 0.18125 0.50625 0.0484375 0.07109375
1 0.0875 0.5359375 0.04296875 0.08671875
1 0.23984375 0.54140625 0.07421875 0.11796875
1 0.12890625 0.58828125 0.0734375 0.13046875
1 0.33359375 0.5953125 0.13203125 0.13671875
1 0.48046875 0.53828125 0.11953125 0.09453125