3 0.89765625 0.478125 0.065625 0.0984375
2 0.15546875 0.4671875 0.053125 0.09921875
2 0.12421875 0.45390625 0.03359375 0.08828125
3 0.83984375 0.50390625 0.05703125 0.121875
3 0.38671875 0.5078125 0.11796875 0.13984375
2 0.2046875 0.5875 0.09609375 0.12109375
1 0.59453125 0.46796875 0.08125 0.06171875
1 0.7375 0.6625 0.1234375 0.15859375
1 0.81171875 0.58671875 0.06171875 0.09609375
1 0.61953125 0.52578125 0.10546875 0.10078125
1 0.1390625 0.53828125 0.05 0.08515625
1 0.75703125 0.45234375 0.06875 0.05859375
1 0.703125 0.4984375 0.10703125 0.08671875
1 0.08828125 0.44375 0.02578125 0.04140625
1 0.5125 0.57890625 0.13203125 0.13515625