2 0.153125 0.46953125 0.05859375 0.1046875
2 0.13046875 0.45625 0.03359375 0.09140625
2 0.46328125 0.53046875 0.13828125 0.17578125
1 0.34375 0.51328125 0.0859375 0.075
1 0.88828125 0.49765625 0.05546875 0.0640625
1 0.0875 0.44375 0.02578125 0.03984375
1 0.59375 0.46640625 0.08046875 0.0609375
1 0.7640625 0.615625 0.1265625 0.1203125
1 0.61953125 0.521875 0.10625 0.09375
1 0.234375 0.4765625 0.05703125 0.0515625
1 0.1875 0.453125 0.03828125 0.053125
1 0.75625 0.453125 0.06796875 0.05703125
1 0.95859375 0.50390625 0.0484375 0.04921875
1 0.703125 0.4984375 0.10703125 0.08671875