3 0.15625 0.46953125 0.05390625 0.10390625
3 0.60703125 0.42421875 0.07734375 0.08984375
3 0.125 0.45625 0.0328125 0.09140625
3 0.38046875 0.51171875 0.13203125 0.14453125
1 0.49921875 0.759375 0.18828125 0.184375
1 0.5125 0.57890625 0.13125 0.13515625
1 0.87109375 0.496875 0.05234375 0.06171875
1 0.7515625 0.65703125 0.10703125 0.15546875
1 0.61953125 0.52578125 0.10625 0.10078125
1 0.80234375 0.459375 0.04296875 0.05390625
1 0.703125 0.49921875 0.10703125 0.08671875
1 0.08828125 0.44375 0.02578125 0.03984375
1 0.9609375 0.5015625 0.05078125 0.0453125
1 0.59453125 0.46796875 0.08125 0.06328125
1 0.75625 0.4515625 0.0671875 0.05703125
1 0.82578125 0.43671875 0.0625 0.05390625
2 0.8171875 0.5078125 0.8265625 0.509375 0.83125 0.5125 0.840625 0.5109375 0.8421875 0.5125 0.840625 0.515625 0.8484375 0.53125 0.84375 0.534375 0.8421875 0.5390625 0.8421875 0.5625 0.8390625 0.571875 0.8390625 0.5859375 0.83125 0.59375 0.83125 0.6 0.8265625 0.6109375 0.8125 0.596875 0.796875 0.590625 0.7921875 0.5921875 0.7859375 0.584375 0.7859375 0.5625 0.7890625 0.5484375 0.7953125 0.5359375 0.7953125 0.521875 0.8 0.5125 0.815625 0.5078125