2 0.234375 0.49921875 0.08671875 0.1203125
3 0.17109375 0.52421875 0.09296875 0.165625
3 0.121875 0.4859375 0.04921875 0.109375
2 0.60703125 0.4265625 0.07578125 0.09453125
2 0.07890625 0.45625 0.0296875 0.08203125
3 0.38125 0.51328125 0.1296875 0.1390625
1 0.33984375 0.603125 0.11640625 0.14921875
1 0.75625 0.453125 0.06796875 0.05625
1 0.27265625 0.63046875 0.12734375 0.16171875
1 0.5125 0.5796875 0.13046875 0.13125
1 0.61875 0.52578125 0.1078125 0.1
1 0.65859375 0.43046875 0.06640625 0.05546875
1 0.2578125 0.73046875 0.14609375 0.22578125