2 0.234375 0.49921875 0.0875 0.11875
3 0.17109375 0.52421875 0.09296875 0.165625
3 0.12109375 0.4875 0.04921875 0.11171875
2 0.60703125 0.4265625 0.0765625 0.09453125
3 0.3828125 0.5140625 0.12890625 0.1390625
1 0.3390625 0.60390625 0.11796875 0.14921875
1 0.0515625 0.478125 0.025 0.05625
1 0.51171875 0.58046875 0.13125 0.13203125
1 0.24453125 0.709375 0.15390625 0.21875
1 0.27265625 0.628125 0.12578125 0.15703125
1 0.75625 0.453125 0.06875 0.05703125
1 0.61953125 0.5265625 0.10703125 0.10078125
1 0.659375 0.43125 0.06796875 0.05625