3 0.83984375 0.5046875 0.05703125 0.121875
3 0.896875 0.478125 0.06484375 0.096875
2 0.15546875 0.46953125 0.05234375 0.1046875
2 0.125 0.45625 0.03203125 0.09140625
1 0.42734375 0.7328125 0.215625 0.225
1 0.703125 0.49765625 0.10625 0.0859375
1 0.79375 0.61796875 0.07578125 0.10859375
1 0.5953125 0.46640625 0.07890625 0.0609375
1 0.75625 0.453125 0.06796875 0.05859375
1 0.05859375 0.44921875 0.0140625 0.0359375
1 0.61875 0.52578125 0.10703125 0.1015625
1 0.5125 0.57890625 0.13125 0.13515625
2 0.07421875 0.46015625 0.02734375 0.059375