3 0.2859375 0.584375 0.17265625 0.24296875
3 0.19375 0.625 0.17421875 0.2703125
3 0.125 0.453125 0.03203125 0.08828125
3 0.39296875 0.51328125 0.1078125 0.14609375
1 0.703125 0.4984375 0.10625 0.08671875
1 0.06015625 0.44921875 0.0203125 0.04140625
1 0.59453125 0.46796875 0.08125 0.06328125
1 0.61875 0.52578125 0.10703125 0.10078125
1 0.0953125 0.4859375 0.0328125 0.0546875
1 0.75625 0.453125 0.06796875 0.05703125
1 0.07890625 0.465625 0.028125 0.05390625
1 0.5125 0.57890625 0.13125 0.13515625
1 0.68125 0.42734375 0.04375 0.03984375