2 0.60625 0.4265625 0.07890625 0.09375
3 0.50234375 0.80234375 0.4234375 0.3953125
3 0.38125 0.509375 0.13203125 0.1390625
1 0.72578125 0.60390625 0.11171875 0.1390625
1 0.5359375 0.5234375 0.13984375 0.13203125
1 0.8390625 0.47734375 0.0546875 0.065625
1 0.09453125 0.56328125 0.02890625 0.10703125
1 0.3390625 0.603125 0.11640625 0.14921875
1 0.62109375 0.52578125 0.10390625 0.1
1 0.5125 0.57109375 0.1296875 0.11953125
1 0.75625 0.45390625 0.06796875 0.05625
2 0.13984375 0.62421875 0.0765625 0.15859375
2 0.23515625 0.71015625 0.15703125 0.2375