3 0.934375 0.478125 0.08359375 0.08984375
3 0.13046875 0.453125 0.07734375 0.10078125
2 0.63828125 0.4546875 0.09375 0.06484375
1 0.06875 0.5 0.0265625 0.06328125
1 0.18125 0.5046875 0.04765625 0.06875
1 0.85078125 0.54296875 0.05078125 0.08359375
1 0.0875 0.53515625 0.0390625 0.08359375
1 0.51328125 0.53671875 0.12578125 0.1140625
1 0.33515625 0.6 0.12890625 0.1515625
1 0.4046875 0.47734375 0.0609375 0.09375
1 0.1265625 0.58671875 0.06796875 0.128125
1 0.23984375 0.54140625 0.07578125 0.11640625
1 0.20703125 0.68359375 0.1140625 0.19296875