3 0.63359375 0.7640625 0.265625 0.4
3 0.86171875 0.42578125 0.0265625 0.07109375
3 0.2859375 0.58515625 0.171875 0.24296875
3 0.19453125 0.625 0.175 0.2703125
3 0.39296875 0.50859375 0.1078125 0.13671875
1 0.02734375 0.43671875 0.0140625 0.03359375
1 0.70234375 0.496875 0.10546875 0.0859375
1 0.06015625 0.44921875 0.0203125 0.04375
1 0.59375 0.46796875 0.08125 0.06171875
1 0.6203125 0.5265625 0.10546875 0.10078125
1 0.07109375 0.42890625 0.015625 0.0234375
1 0.09609375 0.4859375 0.0328125 0.05390625
1 0.75703125 0.453125 0.06796875 0.059375
1 0.0796875 0.465625 0.02734375 0.05546875
1 0.5125 0.57890625 0.13125 0.13515625