3 0.8421875 0.5015625 0.05546875 0.1203125
3 0.90078125 0.478125 0.06796875 0.09609375
2 0.15546875 0.46953125 0.05390625 0.10390625
2 0.125 0.45625 0.03203125 0.09140625
3 0.38125 0.5109375 0.13125 0.14375
2 0.475 0.7265625 0.2125 0.18671875
1 0.0875 0.4453125 0.02578125 0.0390625
1 0.7375 0.6625 0.12265625 0.15859375
1 0.815625 0.58046875 0.05859375 0.09375
1 0.61875 0.52578125 0.10703125 0.10078125
1 0.23828125 0.61875 0.09609375 0.1296875
1 0.75703125 0.45234375 0.06796875 0.05859375
1 0.703125 0.49765625 0.10625 0.08984375
1 0.59453125 0.46796875 0.08125 0.06328125
1 0.5125 0.57578125 0.13046875 0.13359375