3 0.2859375 0.584375 0.17109375 0.24140625
3 0.89609375 0.48671875 0.084375 0.08828125
3 0.19453125 0.62421875 0.175 0.27109375
1 0.703125 0.49921875 0.10625 0.08671875
1 0.07890625 0.465625 0.02578125 0.0546875
1 0.59375 0.46796875 0.08046875 0.06171875
1 0.071875 0.42890625 0.01484375 0.025
1 0.61875 0.52578125 0.10703125 0.10078125
1 0.0953125 0.4859375 0.0328125 0.053125
1 0.059375 0.44921875 0.01953125 0.04140625
1 0.51171875 0.57890625 0.13125 0.13515625
1 0.75703125 0.453125 0.06953125 0.05859375