3 0.15546875 0.46953125 0.053125 0.10390625
3 0.125 0.45625 0.03203125 0.09296875
3 0.43984375 0.5265625 0.15390625 0.17578125
1 0.80546875 0.4234375 0.03515625 0.03359375
1 0.703125 0.4984375 0.10703125 0.08671875
1 0.8203125 0.57890625 0.07578125 0.103125
1 0.0875 0.44375 0.02578125 0.04296875
1 0.97109375 0.49921875 0.04765625 0.0546875
1 0.61875 0.52578125 0.10703125 0.10078125
1 0.215625 0.46875 0.04453125 0.05859375
1 0.59453125 0.46796875 0.08125 0.06328125
1 0.75625 0.453125 0.06796875 0.05703125
3 0.60703125 0.42421875 0.07578125 0.09140625