3 0.12734375 0.453125 0.07265625 0.103125
2 0.63828125 0.45546875 0.09453125 0.065625
1 0.334375 0.60078125 0.13203125 0.153125
1 0.75859375 0.65546875 0.1375 0.1765625
1 0.0875 0.5359375 0.03984375 0.08515625
1 0.51328125 0.534375 0.12734375 0.115625
1 0.18125 0.50390625 0.04765625 0.06796875
1 0.06875 0.49921875 0.0265625 0.0609375
1 0.20703125 0.68359375 0.11640625 0.19375
1 0.40390625 0.91171875 0.28046875 0.1765625
1 0.1265625 0.58828125 0.06796875 0.128125
1 0.240625 0.54140625 0.075 0.115625