3 0.38203125 0.509375 0.13046875 0.1390625
2 0.60625 0.4265625 0.07890625 0.09375
3 0.503125 0.80078125 0.42265625 0.3984375
2 0.23125 0.71484375 0.12890625 0.2
1 0.62109375 0.52734375 0.10390625 0.096875
1 0.5359375 0.5234375 0.13984375 0.13125
1 0.3375 0.6015625 0.12109375 0.1484375
1 0.09453125 0.56328125 0.02890625 0.10625
1 0.85 0.484375 0.0484375 0.06875
1 0.4671875 0.73046875 0.15703125 0.21171875
1 0.51171875 0.56875 0.1296875 0.11484375
1 0.75625 0.45390625 0.06796875 0.05546875
2 0.14453125 0.62421875 0.06484375 0.13984375