2 0.234375 0.49921875 0.08671875 0.11953125
3 0.17109375 0.52421875 0.09296875 0.165625
3 0.121875 0.48515625 0.04921875 0.10703125
2 0.60703125 0.4265625 0.07578125 0.09453125
2 0.07890625 0.45625 0.0296875 0.08203125
3 0.38125 0.5125 0.1296875 0.13984375
1 0.3390625 0.603125 0.11640625 0.14921875
1 0.75625 0.45390625 0.06796875 0.05546875
1 0.271875 0.63046875 0.12734375 0.16328125
1 0.5125 0.5796875 0.13046875 0.13125
1 0.61875 0.52578125 0.10703125 0.10078125
1 0.65859375 0.43046875 0.06640625 0.05546875
1 0.26328125 0.73828125 0.15234375 0.2296875