3 0.840625 0.50390625 0.05703125 0.1234375
3 0.90078125 0.478125 0.06796875 0.09609375
2 0.15390625 0.465625 0.05390625 0.09609375
2 0.125 0.45546875 0.03203125 0.08984375
3 0.38046875 0.5125 0.12890625 0.146875
1 0.08828125 0.44375 0.0265625 0.04140625
1 0.59296875 0.46796875 0.07890625 0.06171875
1 0.7375 0.6625 0.12265625 0.15859375
1 0.81171875 0.58671875 0.06328125 0.09609375
1 0.61953125 0.52578125 0.10546875 0.1015625
1 0.15703125 0.55546875 0.05703125 0.0953125
1 0.75703125 0.45234375 0.06796875 0.05859375
1 0.703125 0.4984375 0.10703125 0.08828125
1 0.5125 0.57890625 0.13046875 0.13515625
2 0.23046875 0.6046875 0.11171875 0.13671875