2 0.15625 0.46953125 0.0515625 0.1046875
2 0.125 0.45625 0.0296875 0.09140625
3 0.38125 0.5109375 0.13203125 0.146875
1 0.08828125 0.44375 0.02578125 0.040625
1 0.9078125 0.496875 0.05078125 0.06015625
1 0.61953125 0.52578125 0.10625 0.1
1 0.20859375 0.46875 0.03515625 0.05546875
1 0.80703125 0.46171875 0.04921875 0.05546875
1 0.8609375 0.51484375 0.0453125 0.06484375
1 0.703125 0.4984375 0.10625 0.0859375
1 0.59453125 0.4671875 0.08046875 0.06171875
1 0.5125 0.57890625 0.13125 0.13515625
1 0.75625 0.45234375 0.0671875 0.05625
2 0.97578125 0.50390625 0.04765625 0.05