2 0.15546875 0.46953125 0.053125 0.1046875
2 0.1234375 0.45625 0.03515625 0.09140625
2 0.60859375 0.4234375 0.075 0.08828125
2 0.60546875 0.5546875 0.15390625 0.190625
1 0.403125 0.53203125 0.12109375 0.09609375
1 0.8546875 0.53046875 0.040625 0.0796875
1 0.08828125 0.44453125 0.02734375 0.0390625
1 0.95546875 0.50390625 0.04140625 0.046875
1 0.89609375 0.4953125 0.05546875 0.06328125
1 0.2125 0.46640625 0.04765625 0.0609375
1 0.26640625 0.490625 0.0625 0.06953125
1 0.75703125 0.453125 0.06796875 0.05703125
1 0.703125 0.4984375 0.10625 0.08828125