3 0.87109375 0.4109375 0.03359375 0.05
3 0.2859375 0.584375 0.17109375 0.24140625
3 0.3921875 0.5078125 0.10703125 0.13828125
3 0.39453125 0.8703125 0.4453125 0.259375
3 0.19453125 0.62421875 0.175 0.27109375
1 0.078125 0.465625 0.02578125 0.05390625
1 0.06015625 0.44921875 0.01953125 0.04140625
1 0.59453125 0.46171875 0.08125 0.0515625
1 0.61875 0.5234375 0.10703125 0.09609375
1 0.09609375 0.4859375 0.03203125 0.053125
1 0.75625 0.45234375 0.06796875 0.05859375
1 0.703125 0.4984375 0.10703125 0.08671875
1 0.5125 0.57890625 0.13046875 0.13515625