2 0.15625 0.46953125 0.05234375 0.1046875
2 0.12421875 0.45625 0.03359375 0.09140625
1 0.41640625 0.540625 0.12421875 0.10546875
1 0.703125 0.4984375 0.10546875 0.08828125
1 0.08828125 0.4453125 0.02578125 0.0390625
1 0.59453125 0.46640625 0.08125 0.0609375
1 0.53671875 0.59296875 0.11484375 0.11484375
1 0.196875 0.4546875 0.03359375 0.05546875
1 0.30390625 0.4984375 0.0734375 0.084375
1 0.2421875 0.48203125 0.05234375 0.0546875
1 0.61953125 0.52578125 0.10625 0.1
1 0.75703125 0.45234375 0.06796875 0.05859375