2 0.04296875 0.45078125 0.02734375 0.08046875
2 0.234375 0.49921875 0.0875 0.11875
2 0.0796875 0.44921875 0.03125 0.06875
3 0.16875 0.52578125 0.0984375 0.16875
3 0.12109375 0.4859375 0.05 0.109375
2 0.60703125 0.4265625 0.07578125 0.09375
3 0.38359375 0.5125 0.12734375 0.134375
1 0.75546875 0.453125 0.06953125 0.05625
1 0.3390625 0.60390625 0.11796875 0.14921875
1 0.271875 0.6375 0.12734375 0.175
1 0.084375 0.52890625 0.04140625 0.08515625
1 0.5125 0.58046875 0.13046875 0.13203125
1 0.61875 0.52578125 0.1078125 0.1015625
1 0.659375 0.43125 0.0640625 0.05625
1 0.25078125 0.87890625 0.18203125 0.2390625