2 0.15546875 0.46953125 0.053125 0.1046875
2 0.60703125 0.41953125 0.078125 0.08984375
2 0.125 0.45703125 0.03046875 0.09140625
3 0.38046875 0.51171875 0.13046875 0.1453125
1 0.88046875 0.46328125 0.046875 0.05703125
1 0.08828125 0.44609375 0.02578125 0.03671875
1 0.5125 0.57890625 0.13125 0.134375
1 0.82265625 0.5625 0.0609375 0.10078125
1 0.9484375 0.49375 0.05546875 0.0546875
1 0.61875 0.52578125 0.10703125 0.10078125
1 0.803125 0.459375 0.04140625 0.053125
1 0.703125 0.49921875 0.10625 0.08671875
1 0.59453125 0.46796875 0.08125 0.06171875
1 0.75078125 0.66171875 0.10234375 0.13203125
1 0.75625 0.45390625 0.06796875 0.05546875
2 0.86328125 0.5015625 0.05234375 0.06484375