3 0.82109375 0.5328125 0.0703125 0.1453125
3 0.88359375 0.48046875 0.05859375 0.1015625
2 0.6078125 0.4234375 0.0765625 0.0890625
2 0.15625 0.4671875 0.05234375 0.09921875
1 0.328125 0.684375 0.13359375 0.1796875
1 0.703125 0.4984375 0.10625 0.08828125
1 0.75625 0.4515625 0.0671875 0.05703125
1 0.59609375 0.46640625 0.078125 0.0609375
1 0.61953125 0.52578125 0.10546875 0.10078125
1 0.14140625 0.53046875 0.05859375 0.09296875
1 0.0875 0.44375 0.02421875 0.04140625
1 0.06015625 0.44921875 0.02109375 0.04140625
1 0.515625 0.57890625 0.12421875 0.134375