3 0.234375 0.49921875 0.08828125 0.1203125
3 0.17109375 0.5234375 0.09296875 0.16171875
3 0.11875 0.48828125 0.05390625 0.1109375
3 0.60703125 0.42734375 0.07578125 0.09375
3 0.1109375 0.42265625 0.03984375 0.03828125
3 0.08046875 0.45703125 0.0296875 0.08515625
3 0.38515625 0.51171875 0.1234375 0.1359375
3 0.28515625 0.4890625 0.05859375 0.0890625
1 0.61875 0.52578125 0.1078125 0.1015625
1 0.75625 0.45234375 0.06875 0.05859375
1 0.0921875 0.48671875 0.02265625 0.0640625
1 0.05078125 0.47890625 0.02578125 0.05546875
1 0.0828125 0.4703125 0.02734375 0.059375
1 0.5125 0.57890625 0.13046875 0.134375
1 0.271875 0.634375 0.12734375 0.16875
1 0.1640625 0.63515625 0.09453125 0.16484375
1 0.80546875 0.421875 0.0328125 0.0359375
1 0.3390625 0.60390625 0.11796875 0.146875
1 0.65859375 0.43046875 0.06640625 0.05625
1 0.27890625 0.77578125 0.14453125 0.26484375