3 0.2859375 0.58359375 0.17109375 0.2390625
3 0.2140625 0.64375 0.1859375 0.3
3 0.8890625 0.4234375 0.03515625 0.06328125
3 0.39296875 0.50859375 0.10703125 0.13671875
1 0.5125 0.57890625 0.13046875 0.13515625
1 0.06015625 0.45 0.0203125 0.04296875
1 0.59375 0.4671875 0.08046875 0.06171875
1 0.0953125 0.4859375 0.0328125 0.053125
1 0.75625 0.45234375 0.06796875 0.05859375
1 0.07890625 0.46640625 0.02734375 0.053125
1 0.703125 0.4984375 0.10625 0.08671875
1 0.61953125 0.52578125 0.10625 0.10078125
3 0.86640625 0.44296875 0.04453125 0.07578125