2 0.234375 0.49921875 0.08828125 0.11953125
3 0.17109375 0.528125 0.09296875 0.1703125
3 0.11796875 0.48125 0.05625 0.096875
2 0.60703125 0.4265625 0.07578125 0.09296875
3 0.38203125 0.51328125 0.13046875 0.13828125
1 0.340625 0.60390625 0.11484375 0.1484375
1 0.61875 0.52578125 0.10703125 0.1015625
1 0.75546875 0.45390625 0.06875 0.05546875
1 0.2796875 0.78046875 0.1609375 0.253125
1 0.27265625 0.63046875 0.1265625 0.16328125
1 0.17265625 0.653125 0.09296875 0.16484375
1 0.11640625 0.58046875 0.053125 0.12109375
1 0.07109375 0.50625 0.0375 0.0765625
1 0.5125 0.5796875 0.13046875 0.13359375
1 0.66171875 0.43046875 0.0625 0.05546875