3 0.2859375 0.584375 0.17109375 0.24140625
3 0.82578125 0.53515625 0.08046875 0.1515625
3 0.19375 0.62421875 0.17421875 0.27109375
2 0.60703125 0.42421875 0.07890625 0.090625
3 0.91484375 0.48359375 0.07890625 0.08125
1 0.703125 0.4984375 0.10625 0.0890625
1 0.059375 0.45 0.01953125 0.040625
1 0.59453125 0.46796875 0.08125 0.06328125
1 0.61875 0.52578125 0.10703125 0.10078125
1 0.078125 0.46640625 0.02421875 0.053125
1 0.75703125 0.453125 0.06875 0.05859375
1 0.5125 0.578125 0.13203125 0.134375
1 0.0953125 0.48515625 0.0328125 0.05390625