3 0.85546875 0.5046875 0.06484375 0.1515625
3 0.12578125 0.45234375 0.06875 0.10078125
2 0.63828125 0.45390625 0.09453125 0.06484375
1 0.06953125 0.50390625 0.02890625 0.06796875
1 0.6359375 0.53671875 0.11796875 0.10625
1 0.0875 0.534375 0.04375 0.0859375
1 0.71015625 0.68203125 0.10703125 0.196875
1 0.1296875 0.58671875 0.07265625 0.128125
1 0.240625 0.5421875 0.07578125 0.11953125
1 0.18203125 0.50625 0.04921875 0.071875
1 0.33515625 0.60234375 0.13046875 0.146875
1 0.48046875 0.53671875 0.11875 0.09453125