3 0.2859375 0.584375 0.17109375 0.24296875
3 0.8984375 0.47734375 0.08671875 0.09140625
3 0.19375 0.62421875 0.17421875 0.27109375
2 0.60703125 0.425 0.07734375 0.090625
3 0.39375 0.51328125 0.10703125 0.1484375
1 0.06015625 0.44921875 0.0203125 0.04140625
1 0.59375 0.46796875 0.08046875 0.06171875
1 0.61875 0.52578125 0.10703125 0.10078125
1 0.08046875 0.465625 0.03046875 0.0546875
1 0.0953125 0.48515625 0.0328125 0.05390625
1 0.75625 0.453125 0.06953125 0.05859375
1 0.703125 0.49921875 0.10625 0.08671875
1 0.5125 0.578125 0.13046875 0.134375