2 0.72734375 0.55390625 0.14765625 0.1796875
3 0.15546875 0.46875 0.053125 0.1046875
3 0.125 0.45625 0.03203125 0.09140625
2 0.415625 0.48046875 0.0796875 0.12109375
1 0.48515625 0.55078125 0.13046875 0.10859375
1 0.91953125 0.49453125 0.0578125 0.05703125
1 0.08828125 0.44453125 0.02578125 0.040625
1 0.59453125 0.46640625 0.08125 0.06328125
1 0.21953125 0.46875 0.05234375 0.0609375
1 0.75625 0.45234375 0.06953125 0.05859375
1 0.85625 0.53125 0.04296875 0.0796875
1 0.615625 0.51640625 0.09765625 0.08359375
1 0.80546875 0.421875 0.03359375 0.03359375