3 0.2859375 0.584375 0.17109375 0.24140625
3 0.90703125 0.46171875 0.08203125 0.09453125
3 0.19453125 0.62421875 0.175 0.27109375
3 0.3921875 0.50703125 0.109375 0.13671875
1 0.703125 0.49765625 0.10625 0.08828125
1 0.07890625 0.46640625 0.02734375 0.053125
1 0.59375 0.46484375 0.08046875 0.05703125
1 0.61953125 0.52578125 0.10625 0.1
1 0.09609375 0.4859375 0.03359375 0.05390625
1 0.75703125 0.45234375 0.06875 0.05859375
1 0.059375 0.44921875 0.01953125 0.04296875
1 0.5125 0.578125 0.13046875 0.1359375
1 0.02734375 0.4375 0.0140625 0.034375