3 0.94453125 0.484375 0.06953125 0.08671875
3 0.853125 0.52109375 0.06640625 0.1484375
2 0.15546875 0.46953125 0.05390625 0.10390625
2 0.125 0.45625 0.03046875 0.09140625
3 0.4171875 0.4734375 0.07890625 0.10703125
1 0.43125 0.55625 0.08046875 0.0953125
1 0.08828125 0.44375 0.02734375 0.04296875
1 0.59453125 0.46640625 0.08125 0.0609375
1 0.23046875 0.471875 0.05703125 0.06328125
1 0.75625 0.4515625 0.06796875 0.05625
1 0.61953125 0.52578125 0.10703125 0.10078125
1 0.703125 0.4984375 0.10546875 0.08671875