3 0.8421875 0.5015625 0.05546875 0.11953125
2 0.15625 0.46953125 0.05234375 0.1046875
2 0.12265625 0.45546875 0.03203125 0.09296875
3 0.9015625 0.47578125 0.06796875 0.09375
2 0.47578125 0.715625 0.2125 0.209375
1 0.2078125 0.46953125 0.03515625 0.05703125
1 0.0875 0.44453125 0.02578125 0.040625
1 0.74140625 0.6578125 0.11953125 0.1546875
1 0.815625 0.5796875 0.05859375 0.09296875
1 0.61875 0.52578125 0.10859375 0.1
1 0.23828125 0.61953125 0.0953125 0.13125
1 0.75625 0.45234375 0.06796875 0.05859375
1 0.5984375 0.46015625 0.07265625 0.0484375
1 0.5125 0.57421875 0.13125 0.1265625
1 0.703125 0.4984375 0.10703125 0.0890625