2 0.9375 0.47890625 0.05703125 0.090625
2 0.15625 0.46953125 0.053125 0.10390625
2 0.12421875 0.45625 0.03515625 0.09140625
2 0.41640625 0.48203125 0.08125 0.128125
1 0.08828125 0.44453125 0.02578125 0.03984375
1 0.79296875 0.590625 0.10703125 0.0984375
1 0.87421875 0.51875 0.04765625 0.07109375
1 0.6203125 0.521875 0.10546875 0.09453125
1 0.703125 0.49765625 0.10625 0.08828125
1 0.59453125 0.46796875 0.08125 0.06328125
1 0.56015625 0.58515625 0.13828125 0.1296875
1 0.75703125 0.453125 0.06796875 0.05703125