3 0.13046875 0.45390625 0.07734375 0.1015625
2 0.6375 0.45390625 0.09296875 0.06484375
1 0.334375 0.60078125 0.13203125 0.15078125
1 0.18125 0.50625 0.04765625 0.0703125
1 0.06953125 0.49921875 0.028125 0.0609375
1 0.8421875 0.5109375 0.05859375 0.08046875
1 0.08671875 0.5359375 0.03828125 0.08515625
1 0.51328125 0.534375 0.12734375 0.11796875
1 0.64921875 0.70703125 0.17421875 0.2234375
1 0.12734375 0.58671875 0.06796875 0.128125
1 0.240625 0.54140625 0.07578125 0.11640625
1 0.20625 0.684375 0.11328125 0.19453125