3 0.28515625 0.57890625 0.16953125 0.2296875
3 0.95 0.47890625 0.08203125 0.09140625
3 0.23125 0.66015625 0.1953125 0.32421875
3 0.39140625 0.509375 0.10625 0.13984375
3 0.871875 0.43671875 0.0296875 0.09140625
1 0.06015625 0.44921875 0.01953125 0.04296875
1 0.59453125 0.46796875 0.08125 0.06328125
1 0.61953125 0.5265625 0.10625 0.10078125
1 0.09609375 0.4859375 0.03203125 0.0546875
1 0.75625 0.45234375 0.06796875 0.05859375
1 0.07890625 0.46640625 0.02734375 0.0515625
1 0.703125 0.4984375 0.10625 0.08828125
1 0.5125 0.578125 0.13046875 0.134375