3 0.2859375 0.584375 0.171875 0.24140625
3 0.89453125 0.421875 0.02265625 0.06953125
3 0.19453125 0.625 0.175 0.2703125
3 0.125 0.45390625 0.03359375 0.08828125
3 0.85078125 0.42421875 0.02734375 0.05625
3 0.39296875 0.50703125 0.10859375 0.1390625
1 0.02734375 0.43828125 0.01484375 0.03515625
1 0.06015625 0.44921875 0.0203125 0.04296875
1 0.59375 0.46640625 0.08203125 0.05859375
1 0.06953125 0.42890625 0.01875 0.0234375
1 0.703125 0.4984375 0.10703125 0.08671875
1 0.61953125 0.52578125 0.10703125 0.1015625
1 0.09609375 0.4859375 0.03203125 0.053125
1 0.75703125 0.45234375 0.06796875 0.05859375
1 0.0890625 0.440625 0.0234375 0.034375
1 0.07890625 0.46640625 0.0265625 0.0546875
1 0.5125 0.57890625 0.13125 0.13515625
3 0.165625 0.47421875 0.0734375 0.0609375