2 0.23515625 0.71171875 0.14453125 0.20625
3 0.87421875 0.41328125 0.03046875 0.053125
2 0.1375 0.5890625 0.05546875 0.203125
2 0.60546875 0.4265625 0.08046875 0.09375
2 0.07734375 0.45625 0.03203125 0.08203125
3 0.38125 0.50859375 0.12890625 0.13984375
1 0.53515625 0.5234375 0.140625 0.13359375
1 0.3375 0.60390625 0.12109375 0.15
1 0.75703125 0.4546875 0.06875 0.05390625
1 0.66484375 0.43359375 0.05625 0.04921875
1 0.0953125 0.56328125 0.03046875 0.10625
1 0.51171875 0.57890625 0.13046875 0.13359375
1 0.6203125 0.5265625 0.10390625 0.09921875