3 0.89765625 0.478125 0.065625 0.0984375
3 0.15546875 0.46796875 0.053125 0.1
3 0.840625 0.50390625 0.05703125 0.121875
2 0.2171875 0.596875 0.10390625 0.12578125
1 0.08828125 0.44375 0.02578125 0.04296875
1 0.59453125 0.46796875 0.08125 0.06171875
1 0.7375 0.6625 0.12265625 0.15859375
1 0.81171875 0.58671875 0.06171875 0.09609375
1 0.61953125 0.52578125 0.10625 0.10078125
1 0.1453125 0.54609375 0.0484375 0.0890625
1 0.75703125 0.45234375 0.06796875 0.05859375
1 0.703125 0.4984375 0.10703125 0.08671875
1 0.5125 0.57890625 0.13203125 0.13515625