3 0.13046875 0.4515625 0.07734375 0.09609375
2 0.63828125 0.45390625 0.09609375 0.065625
1 0.33515625 0.6 0.12890625 0.1515625
1 0.06875 0.4984375 0.02734375 0.06015625
1 0.69296875 0.85703125 0.20234375 0.2640625
1 0.084375 0.534375 0.0359375 0.084375
1 0.18125 0.50703125 0.04765625 0.07109375
1 0.2078125 0.6828125 0.11484375 0.19140625
1 0.12734375 0.5875 0.06796875 0.1265625
1 0.51328125 0.53515625 0.12734375 0.11484375
1 0.240625 0.54140625 0.07578125 0.11640625
1 0.24453125 0.9203125 0.2640625 0.159375