3 0.290625 0.7109375 0.25390625 0.37890625
3 0.28515625 0.54375 0.16875 0.16171875
3 0.871875 0.4359375 0.03046875 0.0890625
2 0.12578125 0.45625 0.03203125 0.09140625
3 0.165625 0.509375 0.071875 0.13125
3 0.39140625 0.5125 0.10625 0.146875
1 0.07890625 0.46640625 0.02734375 0.05390625
1 0.59375 0.46796875 0.08203125 0.06328125
1 0.703125 0.4984375 0.10703125 0.08828125
1 0.61953125 0.52578125 0.10625 0.1
1 0.09609375 0.4859375 0.03203125 0.0546875
1 0.75703125 0.453125 0.06796875 0.05703125
1 0.06015625 0.44921875 0.0203125 0.04375
1 0.51328125 0.57890625 0.12890625 0.13515625