2 0.159375 0.46953125 0.053125 0.1046875
2 0.125 0.45625 0.03046875 0.09296875
3 0.3796875 0.5109375 0.13359375 0.1453125
1 0.0875 0.44453125 0.02578125 0.03984375
1 0.5125 0.57890625 0.13125 0.13515625
1 0.86796875 0.509375 0.0484375 0.06953125
1 0.61875 0.52578125 0.10703125 0.10078125
1 0.8046875 0.459375 0.04609375 0.0546875
1 0.209375 0.46875 0.03203125 0.05625
1 0.9296875 0.48359375 0.05390625 0.06171875
1 0.703125 0.49921875 0.10703125 0.08671875
1 0.8234375 0.55390625 0.05078125 0.08125
1 0.59375 0.4671875 0.08046875 0.06171875
1 0.75625 0.45234375 0.06875 0.05625