3 0.93671875 0.47578125 0.096875 0.0796875
3 0.2859375 0.58515625 0.171875 0.24296875
3 0.19453125 0.625 0.175 0.2703125
3 0.3921875 0.5078125 0.10859375 0.13984375
1 0.68046875 0.42734375 0.04296875 0.04375
1 0.59453125 0.46796875 0.0796875 0.06171875
1 0.61953125 0.52578125 0.10703125 0.10078125
1 0.09609375 0.48515625 0.03203125 0.05390625
1 0.75703125 0.453125 0.06796875 0.05703125
1 0.0796875 0.46640625 0.02890625 0.0546875
1 0.703125 0.4984375 0.10625 0.08671875
1 0.5125 0.57890625 0.13125 0.13515625