2 0.15625 0.46953125 0.05234375 0.10390625
2 0.125 0.45703125 0.03203125 0.09140625
3 0.38046875 0.51171875 0.13359375 0.1453125
1 0.08828125 0.44453125 0.02578125 0.040625
1 0.95546875 0.49921875 0.05390625 0.05546875
1 0.61875 0.52578125 0.10703125 0.10078125
1 0.21015625 0.46796875 0.03203125 0.05625
1 0.81328125 0.465625 0.05859375 0.05703125
1 0.8921875 0.50234375 0.04609375 0.0546875
1 0.703125 0.49921875 0.10625 0.08671875
1 0.59453125 0.46796875 0.08046875 0.06328125
1 0.51171875 0.57890625 0.12890625 0.13515625
1 0.75625 0.45234375 0.06796875 0.05625