3 0.84140625 0.5015625 0.05546875 0.11953125
2 0.15546875 0.46640625 0.053125 0.0984375
2 0.125 0.45546875 0.03203125 0.09140625
3 0.90078125 0.478125 0.06796875 0.09609375
3 0.38125 0.5109375 0.13046875 0.14375
2 0.253125 0.62421875 0.12421875 0.14453125
1 0.08828125 0.44375 0.02578125 0.04140625
1 0.59453125 0.46796875 0.08125 0.06328125
1 0.7375 0.66328125 0.12265625 0.15703125
1 0.8140625 0.58203125 0.06015625 0.09375
1 0.1625 0.559375 0.059375 0.09453125
1 0.75625 0.453125 0.06796875 0.05703125
1 0.703125 0.4984375 0.10703125 0.0859375
1 0.61953125 0.52578125 0.10546875 0.10078125
1 0.5125 0.57890625 0.13125 0.13515625