2 0.15546875 0.46953125 0.053125 0.1046875
2 0.121875 0.45625 0.0328125 0.09140625
2 0.6078125 0.4234375 0.07578125 0.0890625
2 0.49296875 0.5390625 0.14609375 0.17890625
1 0.8515625 0.54296875 0.04453125 0.084375
1 0.8953125 0.49609375 0.05703125 0.06171875
1 0.08828125 0.44375 0.02734375 0.03984375
1 0.203125 0.4625 0.04296875 0.05859375
1 0.2625 0.4890625 0.06640625 0.06796875
1 0.75703125 0.45234375 0.06875 0.05859375
1 0.95625 0.50390625 0.04296875 0.0484375
1 0.61953125 0.521875 0.10703125 0.09453125
1 0.59453125 0.46796875 0.08125 0.06328125
1 0.703125 0.4984375 0.10703125 0.08671875