3 0.28671875 0.584375 0.171875 0.24296875
3 0.83515625 0.5328125 0.084375 0.16796875
3 0.19453125 0.62421875 0.17421875 0.27109375
2 0.60703125 0.425 0.07734375 0.090625
3 0.39375 0.51640625 0.10703125 0.15703125
1 0.703125 0.49921875 0.10625 0.08671875
1 0.06015625 0.44921875 0.02109375 0.04140625
1 0.59375 0.46796875 0.08046875 0.06171875
1 0.61875 0.52578125 0.10703125 0.10078125
1 0.08046875 0.465625 0.03046875 0.0546875
1 0.0953125 0.48515625 0.03203125 0.05390625
1 0.75625 0.453125 0.06953125 0.059375
1 0.51171875 0.57890625 0.13125 0.13515625