3 0.85546875 0.50546875 0.0640625 0.15
3 0.12578125 0.453125 0.06953125 0.10078125
2 0.63828125 0.45390625 0.09375 0.06484375
1 0.3359375 0.60078125 0.12890625 0.15
1 0.06953125 0.50390625 0.02890625 0.06640625
1 0.18125 0.50703125 0.04921875 0.0734375
1 0.0875 0.53515625 0.04296875 0.08671875
1 0.240625 0.5421875 0.0765625 0.11796875
1 0.7296875 0.59453125 0.115625 0.13984375
1 0.48359375 0.53671875 0.11328125 0.0953125
1 0.12890625 0.5875 0.07265625 0.12890625
1 0.57578125 0.51953125 0.103125 0.09921875