3 0.125 0.453125 0.03203125 0.08828125
3 0.61875 0.7921875 0.29140625 0.41171875
3 0.2859375 0.584375 0.17109375 0.24140625
3 0.90546875 0.47890625 0.08359375 0.09921875
3 0.19453125 0.62421875 0.175 0.27109375
3 0.165625 0.47421875 0.0734375 0.0609375
1 0.0265625 0.4359375 0.0140625 0.03203125
1 0.703125 0.496875 0.10625 0.0890625
1 0.06015625 0.44921875 0.01953125 0.04296875
1 0.59453125 0.46328125 0.08125 0.05390625
1 0.07109375 0.42890625 0.01640625 0.02421875
1 0.61953125 0.52578125 0.10703125 0.10078125
1 0.0796875 0.465625 0.02890625 0.05546875
1 0.0953125 0.4859375 0.03125 0.0546875
1 0.75703125 0.453125 0.06875 0.05703125
1 0.5125 0.57890625 0.13125 0.1359375
1 0.68203125 0.42734375 0.04453125 0.0453125