3 0.82421875 0.396875 0.0515625 0.04140625
3 0.2859375 0.58515625 0.171875 0.24296875
3 0.19453125 0.625 0.175 0.2703125
1 0.06015625 0.44921875 0.0203125 0.04375
1 0.59609375 0.46640625 0.078125 0.0609375
1 0.703125 0.4984375 0.10625 0.08828125
1 0.61875 0.52578125 0.10703125 0.10078125
1 0.09609375 0.4859375 0.03203125 0.0546875
1 0.75625 0.453125 0.06796875 0.05703125
1 0.07890625 0.46484375 0.02734375 0.05546875
1 0.5125 0.57890625 0.13125 0.13515625
3 0.85703125 0.51328125 0.06796875 0.1453125